NAME : Random_TSP_Instance
TYPE : TSP
DIMENSION : 50
EDGE_WEIGHT_TYPE : EXPLICIT
EDGE_WEIGHT_FORMAT : FULL_MATRIX
NODE_COORD_TYPE : NO_COORDS
DISPLAY_DATA_TYPE: TWOD_DISPLAY
EDGE_WEIGHT_SECTION
0.000000 74.862963 67.924555 81.723786 91.127697 62.934676 88.904465 46.648801 59.852924 54.887658 30.756700 71.945178 99.781463 92.497712 70.385327 115.948304 61.227777 108.794252 29.298404 47.894752 66.468807 85.146300 17.946638 22.255494 89.115332 100.778521 107.499560 22.726160 79.552560 47.548141 83.251492 73.789295 94.884854 73.559582 34.426539 61.572989 39.515749 53.803500 59.708348 70.274686 41.095793 72.577892 118.699425 94.687224 38.363937 61.025844 57.142227 91.566946 99.177415 101.002872
74.862963 0.000000 63.898843 50.471111 16.265692 15.446230 76.065175 36.895375 22.201763 35.250412 47.826712 76.191566 29.094195 79.428016 99.586545 76.496374 14.644513 66.961891 46.836973 30.397630 16.096958 46.740580 66.269891 53.427566 61.510809 57.694397 71.067023 77.458096 17.157029 37.307194 56.324664 45.490287 23.764581 28.408791 54.744426 37.108405 78.512700 79.528505 66.440055 41.521532 38.926491 82.008452 78.843342 21.046612 38.788727 95.563667 73.173790 53.997374 56.893284 38.230866
67.924555 63.898843 0.000000 24.498269 73.680703 66.648281 21.097811 72.581502 70.784823 31.073084 66.982401 12.364779 91.584379 24.828499 40.063558 51.693907 62.318303 47.054766 62.172716 43.394985 47.878061 31.217627 49.997050 52.777840 25.102321 42.159368 43.235689 51.021196 52.338047 34.460280 21.571425 22.049255 86.530864 38.021190 34.598611 26.912730 37.515124 26.558334 9.898655 23.922396 40.115797 18.523844 54.251303 81.899184 45.002559 40.250641 17.620489 32.981478 40.598561 59.148208
81.723786 50.471111 24.498269 0.000000 55.791081 58.541457 26.565253 71.409092 64.397868 29.796303 71.228973 34.865842 74.595983 29.512235 64.190186 34.664175 54.476997 27.070494 67.053116 42.564976 36.622838 6.878366 64.878903 62.090263 11.245803 19.549713 26.561301 69.580158 34.978147 36.848612 5.997706 8.244411 70.051900 22.117568 47.555063 22.297491 59.282243 50.554177 33.281852 12.740700 44.160223 41.263807 37.434301 64.498892 48.862434 64.745528 41.627517 9.995554 17.907796 35.415743
91.127697 16.265692 73.680703 55.791081 0.000000 30.258771 82.339008 51.706706 36.187717 48.278141 63.761607 86.018274 18.873240 85.282633 111.582369 75.200026 30.506660 65.901829 62.996945 45.871994 28.856652 50.480255 82.172360 69.622361 65.869183 57.491011 71.356304 93.082620 21.423658 51.744614 61.779551 52.928751 14.806665 35.752531 69.740033 48.196251 92.904446 92.368658 77.854097 49.929108 54.352890 92.185463 77.186690 8.753065 54.683041 108.470333 85.265342 56.468860 57.125015 32.132493
62.934676 15.446230 66.648281 58.541457 30.258771 0.000000 82.090270 21.577270 6.970274 35.665990 33.923411 78.373036 36.928006 85.739552 98.196075 88.183386 4.332321 78.736903 33.852325 25.524280 22.049085 56.295450 57.185295 42.970286 69.782740 69.265974 81.923477 69.167016 30.145266 34.501661 63.933609 52.011588 31.957657 37.057294 49.077706 40.313941 73.401685 77.305459 66.907825 47.426705 33.097773 83.559390 90.689857 32.078692 31.047442 92.826660 72.360985 64.035895 68.240003 52.922867
88.904465 76.065175 21.097811 26.565253 82.339008 82.090270 0.000000 91.213369 87.173021 48.246689 87.163700 20.264301 101.114941 3.880177 47.345507 36.678179 77.818443 35.553509 82.443338 61.475350 61.073483 32.460619 70.959176 73.701383 17.936357 34.978541 29.347560 71.047275 61.352857 53.283683 20.608000 30.602975 96.505679 47.779217 55.674907 42.078616 55.991285 42.399448 29.500801 34.860596 59.714617 24.470118 38.756838 91.031731 64.700277 51.544404 34.675530 28.987037 33.895265 59.920488
46.648801 36.895375 72.581502 71.409092 51.706706 21.577270 91.213369 0.000000 15.675990 43.081447 15.905495 82.758528 55.412539 95.062996 96.675428 104.078099 22.664235 94.954291 18.489233 29.757012 38.422743 70.914980 46.484445 31.600382 82.220809 85.513022 96.955707 58.806744 49.610526 38.172279 75.931221 63.707437 51.074528 52.497713 45.237319 49.921212 67.792586 75.699227 69.834475 58.935333 32.792724 86.807093 106.732467 52.528089 28.284082 89.616570 73.099781 78.765865 84.265700 73.066321
59.852924 22.201763 70.784823 64.397868 36.187717 6.970274 87.173021 15.675990 0.000000 39.730180 29.733606 82.171861 40.303823 90.889029 100.394818 94.752521 10.135288 85.343324 30.559336 28.112313 28.314240 62.527641 56.050935 41.318700 75.602706 75.857264 88.327195 68.295707 37.079050 37.373086 69.619751 57.534862 35.725084 43.326750 50.027752 45.125094 74.146535 79.339890 70.194130 52.855049 34.638946 87.072248 97.287385 36.878981 31.677651 94.476738 75.057953 70.326471 74.790404 59.889505
54.887658 35.250412 31.073084 29.796303 48.278141 35.665990 48.246689 43.081447 39.730180 0.000000 41.441825 42.708090 64.226112 52.071621 64.353871 64.223201 31.349631 55.946849 37.265531 13.351495 19.575994 31.387166 40.140884 33.587867 39.854665 47.146478 56.310439 48.467690 29.402515 7.476260 33.481705 21.610261 58.931940 19.228164 23.939839 7.512373 45.037478 44.351346 31.618329 17.090899 14.683066 47.979559 66.981914 55.394931 19.152952 60.431483 37.964282 38.682322 45.633157 47.193890
30.756700 47.826712 66.982401 71.228973 63.761607 33.923411 87.163700 15.905495 29.733606 41.441825 0.000000 75.592982 70.030332 91.040198 85.385324 105.468022 33.268050 96.893312 4.894394 29.095572 44.163749 72.263748 32.047017 18.014796 81.165477 87.765008 97.691876 44.099051 56.935021 34.714519 74.795837 63.051823 65.375396 55.828474 35.086584 48.931514 55.068225 64.953750 62.279624 58.499147 27.676228 78.721910 108.210913 65.984494 22.709438 77.555643 63.923471 79.843900 86.343641 80.225242
71.945178 76.191566 12.364779 34.865842 86.018274 78.373036 20.264301 82.758528 82.171861 42.708090 75.592982 0.000000 103.949153 22.855806 29.657002 56.105708 74.057716 53.348689 70.706397 54.335266 60.137823 41.743753 54.193333 59.885457 32.118273 50.250826 48.163079 52.347587 64.651154 45.146798 30.610841 33.897654 98.893379 50.318379 41.260629 39.123803 36.368617 22.227634 13.331636 36.169445 49.971269 6.431627 58.383036 94.258142 54.628348 32.042273 15.242788 41.894149 48.827153 70.203071
99.781463 29.094195 91.584379 74.595983 18.873240 36.928006 101.114941 55.412539 40.303823 64.226112 70.030332 103.949153 0.000000 104.103367 128.436159 93.161056 39.262428 84.033065 70.552924 58.988727 44.750370 69.351720 93.661405 79.787044 84.740516 75.931314 89.785168 105.348556 39.884439 66.353470 80.590568 71.399250 5.341893 54.039600 83.475178 65.350910 107.462674 108.564658 95.003499 68.132789 67.440513 109.990829 95.005773 10.121153 66.605056 124.621828 102.012773 75.297471 75.658039 49.319596
92.497712 79.428016 24.828499 29.512235 85.282633 85.739552 3.880177 95.062996 90.889029 52.071621 91.040198 22.855806 104.103367 0.000000 48.522538 35.710937 81.479756 35.607797 86.316897 65.318574 64.591247 35.073712 74.551375 77.512377 20.039520 36.057754 28.948072 74.339005 64.452569 57.155850 23.515081 34.056042 99.560980 51.071776 59.426283 45.829150 58.996880 45.083413 32.936887 38.413620 63.594757 26.368239 37.595498 94.001097 68.580454 53.335955 37.677293 30.922075 35.111077 61.929581
70.385327 99.586545 40.063558 64.190186 111.582369 98.196075 47.345507 96.675428 100.394818 64.353871 85.385324 29.657002 128.436159 48.522538 0.000000 84.011642 94.120225 82.368110 80.715789 72.688417 83.689533 71.033517 55.844085 67.483749 61.657743 79.839937 76.602111 47.669863 90.776051 63.752739 60.226196 62.011971 123.179803 76.821425 51.444642 63.386287 31.402216 21.100751 33.806908 63.264474 65.782439 23.626582 86.029442 119.280021 69.256919 9.709026 26.424407 71.548458 78.440485 99.202052
115.948304 76.496374 51.693907 34.664175 75.200026 88.183386 36.678179 104.078099 94.752521 64.223201 105.468022 56.105708 93.161056 35.710937 84.011642 0.000000 84.620898 9.534648 101.446094 76.472059 66.531375 33.324253 98.689090 96.733949 27.183522 18.924489 8.552183 101.959861 59.339790 71.428371 32.724854 42.891880 89.883697 51.729202 81.554767 56.717844 89.208874 77.285125 61.582903 47.162090 78.748894 61.005095 2.770386 83.509027 83.369747 88.002661 68.710675 25.627866 19.965209 44.022826
61.227777 14.644513 62.318303 54.476997 30.506660 4.332321 77.818443 22.664235 10.135288 31.349631 33.268050 74.057716 39.262428 81.479756 94.120225 84.620898 0.000000 75.218450 32.580015 21.540892 18.193216 52.435929 54.422158 40.583200 65.707385 65.730341 78.199443 66.225475 27.413999 30.377502 59.805102 47.825034 34.114987 33.216814 45.462987 35.995375 69.782987 73.286962 62.650399 43.211423 29.379747 79.267500 87.159865 33.461650 27.712861 88.893987 68.198377 60.219873 64.657761 50.635693
108.794252 66.961891 47.054766 27.070494 65.901829 78.736903 35.553509 94.954291 85.343324 55.946849 96.893312 53.348689 84.033065 35.607797 82.368110 9.534648 75.218450 0.000000 92.995979 67.815469 57.182153 24.640780 91.877586 88.961111 21.956525 9.493727 7.466155 96.007916 49.805448 63.283195 26.394808 35.102935 80.633915 42.493839 74.584329 48.496438 84.284876 73.386515 56.893716 39.061744 70.589491 58.852944 11.954574 74.290998 75.082303 85.368258 64.559321 17.348577 10.689461 35.193756
29.298404 46.836973 62.172716 67.053116 62.996945 33.852325 82.443338 18.489233 30.559336 37.265531 4.894394 70.706397 70.552924 86.316897 80.715789 101.446094 32.580015 92.995979 0.000000 25.418707 41.610717 68.355641 28.185171 13.628706 76.813466 83.960043 93.575542 40.432282 54.608572 30.336524 70.454051 58.841275 65.721904 52.472813 30.219467 44.776713 50.627770 60.192375 57.390480 54.355896 23.172179 73.828382 104.198395 65.851422 18.270000 73.006726 59.048913 75.848229 82.510020 77.637637
47.894752 30.397630 43.394985 42.564976 45.871994 25.524280 61.475350 29.757012 28.112313 13.351495 29.095572 54.335266 58.988727 65.318574 72.688417 76.472059 21.540892 67.815469 25.418707 0.000000 18.709023 43.203487 36.506637 25.639962 52.985662 58.669454 68.826402 47.211138 31.683119 9.270064 46.630382 34.546434 53.661950 27.162817 24.489133 20.465032 48.624013 51.781356 42.113397 29.850049 8.529887 59.046345 79.204067 51.443396 9.542122 67.353111 47.021321 50.846928 57.250427 53.455013
66.468807 16.096958 47.878061 36.622838 28.856652 22.049085 61.073483 38.422743 28.314240 19.575994 44.163749 60.137823 44.750370 64.591247 83.689533 66.531375 18.193216 57.182153 41.610717 18.709023 0.000000 34.259884 54.988932 44.232576 47.866785 47.688527 60.013765 65.145541 13.158396 23.033226 42.162916 30.556195 39.490786 15.027888 41.220109 21.025607 64.060786 63.908109 50.384900 26.220233 26.647178 65.920737 69.099431 35.818973 28.220730 79.997616 57.265224 42.029642 46.568673 36.070565
85.146300 46.740580 31.217627 6.878366 50.480255 56.295450 32.460619 70.914980 62.527641 31.387166 72.263748 41.743753 69.351720 35.073712 71.033517 33.324253 52.435929 24.640780 68.355641 43.203487 34.259884 0.000000 68.833168 64.693721 15.388929 15.781379 26.051489 74.392260 30.383721 38.787604 12.083991 11.850625 65.001141 19.238165 51.496889 24.012265 65.023381 56.976401 39.699462 14.872618 46.063852 48.142106 36.036756 59.230597 50.483943 71.419807 48.098042 7.864498 14.249155 28.566029
17.946638 66.269891 49.997050 64.878903 82.172360 57.185295 70.959176 46.484445 56.050935 40.140884 32.047017 54.193333 93.661405 74.551375 55.844085 98.689090 54.422158 91.877586 28.185171 36.506637 54.988932 68.833168 0.000000 14.973200 71.673751 84.222346 90.187358 12.362833 67.517729 33.369646 65.967152 57.191669 88.462979 59.344417 17.351343 46.045904 24.474822 37.320784 41.790157 54.071612 28.346248 55.184779 101.422696 87.105080 27.497528 47.136596 39.637394 74.831064 82.598224 87.276184
22.255494 53.427566 52.777840 62.090263 69.622361 42.970286 73.701383 31.600382 41.318700 33.587867 18.014796 59.885457 79.787044 77.512377 67.483749 96.733949 40.583200 88.961111 13.628706 25.639962 44.232576 64.693721 14.973200 0.000000 70.687296 80.468817 88.486860 27.336028 57.300401 26.115300 64.499171 53.907261 74.685084 51.689309 18.624985 40.718716 37.058647 47.298936 46.613765 49.932963 19.197685 62.326402 99.504096 73.831155 16.115791 59.550784 47.079554 71.612898 78.913542 78.871338
89.115332 61.510809 25.102321 11.245803 65.869183 69.782740 17.936357 82.220809 75.602706 39.854665 81.165477 32.118273 84.740516 20.039520 61.657743 27.183522 65.707385 21.956525 76.813466 52.985662 47.866785 15.388929 71.673751 70.687296 0.000000 18.197222 18.631854 74.787142 45.588350 46.478858 6.374525 18.514853 80.374034 33.269291 54.689834 32.522767 62.441545 51.461470 34.959158 23.285493 53.679535 38.039045 29.869177 74.619417 58.543500 63.892111 42.611243 11.059501 16.848589 41.997585
100.778521 57.694397 42.159368 19.549713 57.491011 69.265974 34.978541 85.513022 75.857264 47.146478 87.765008 50.250826 75.931314 36.057754 79.839937 18.924489 65.730341 9.493727 83.960043 58.669454 47.688527 15.781379 84.222346 80.468817 18.197222 0.000000 13.866462 89.129710 40.545631 54.562349 20.612525 27.040681 72.288467 33.028898 66.872070 39.792874 78.474263 68.714622 51.689717 30.579828 61.828443 56.229298 21.430220 66.032831 66.203222 81.815116 59.765330 9.598149 1.642271 28.187635
107.499560 71.067023 43.235689 26.561301 71.356304 81.923477 29.347560 96.955707 88.327195 56.310439 97.691876 48.163079 89.785168 28.948072 76.602111 8.552183 78.199443 7.466155 93.575542 68.826402 60.013765 26.051489 90.187358 88.486860 18.631854 13.866462 0.000000 93.408736 53.988366 63.409529 24.248739 34.804534 86.154693 45.028391 73.088647 48.798838 80.745524 69.026558 53.132486 39.219679 70.721490 53.317298 11.246917 79.897722 75.413660 80.172554 60.377492 18.191537 14.321414 41.595688
22.726160 77.458096 51.021196 69.580158 93.082620 69.167016 71.047275 58.806744 68.295707 48.467690 44.099051 52.347587 105.348556 74.339005 47.669863 101.959861 66.225475 96.007916 40.432282 47.211138 65.145541 74.392260 12.362833 27.336028 74.787142 89.129710 93.408736 0.000000 77.142136 42.526728 69.639472 62.543631 100.102681 67.549259 24.528945 53.300921 17.265944 32.164613 41.635362 60.154384 38.744267 51.883636 104.621912 98.438662 38.785485 38.303308 37.112240 79.554147 87.487661 95.446851
79.552560 17.157029 52.338047 34.978147 21.423658 30.145266 61.352857 49.610526 37.079050 29.402515 56.935021 64.651154 39.884439 64.452569 90.776051 59.339790 27.413999 49.805448 54.608572 31.683119 13.158396 30.383721 67.517729 57.300401 45.588350 40.545631 53.988366 77.142136 0.000000 34.617338 40.967646 31.543335 35.165566 14.341206 52.791689 27.675004 74.380425 72.200586 56.970187 28.518353 39.241632 70.858929 61.693331 29.901726 41.225008 88.232562 64.663201 37.266424 39.768233 23.530205
47.548141 37.307194 34.460280 36.848612 51.744614 34.501661 53.283683 38.172279 37.373086 7.476260 34.714519 45.146798 66.353470 57.155850 63.752739 71.428371 30.377502 63.283195 30.336524 9.270064 23.033226 38.787604 33.369646 26.115300 46.478858 54.562349 63.409529 42.526728 34.617338 0.000000 40.117733 28.607901 61.012545 26.143695 18.248516 14.790139 41.262381 43.007318 32.843879 24.274878 7.320707 49.786750 74.193240 58.154671 12.069019 58.797866 37.871227 45.974285 53.036627 53.965920
83.251492 56.324664 21.571425 5.997706 61.779551 63.933609 20.608000 75.931221 69.619751 33.481705 74.795837 30.610841 80.590568 23.515081 60.226196 32.724854 59.805102 26.394808 70.454051 46.630382 42.162916 12.083991 65.967152 64.499171 6.374525 20.612525 24.248739 69.639472 40.967646 40.117733 0.000000 12.243127 76.049528 27.923910 48.840388 26.165384 58.093252 48.113157 31.085780 17.019927 47.332156 36.888723 35.464812 70.491385 52.184771 61.521080 39.159529 11.464848 19.037306 40.432498
73.789295 45.490287 22.049255 8.244411 52.928751 52.011588 30.602975 63.707437 57.534862 21.610261 63.051823 33.897654 71.399250 34.056042 62.011971 42.891880 47.825034 35.102935 58.841275 34.546434 30.556195 11.850625 57.191669 53.907261 18.514853 27.040681 34.804534 62.543631 31.543335 28.607901 12.243127 0.000000 66.581565 17.426053 39.840332 14.145008 53.438592 46.300802 29.215379 4.777275 35.917338 40.285488 45.661257 61.444492 40.632248 61.372616 37.617729 17.792148 25.423533 37.479380
94.884854 23.764581 86.530864 70.051900 14.806665 31.957657 96.505679 51.074528 35.725084 58.931940 65.375396 98.893379 5.341893 99.560980 123.179803 89.883697 34.114987 80.633915 65.721904 53.661950 39.490786 65.001141 88.462979 74.685084 80.374034 72.288467 86.154693 100.102681 35.165566 61.012545 76.049528 66.581565 0.000000 49.176792 78.145936 60.179425 102.122375 103.260088 89.798997 63.203649 62.122107 104.898988 91.821543 6.453013 61.340570 119.310589 96.755398 71.179281 71.930886 46.399265
73.559582 28.408791 38.021190 22.117568 35.752531 37.057294 47.779217 52.497713 43.326750 19.228164 55.828474 50.318379 54.039600 51.071776 76.821425 51.729202 33.216814 42.493839 52.472813 27.162817 15.027888 19.238165 59.344417 51.689309 33.269291 33.028898 45.028391 67.549259 14.341206 26.143695 27.923910 17.426053 49.176792 0.000000 43.064759 14.885031 62.526114 58.860055 43.048139 14.177993 32.517064 56.545008 54.341687 44.148514 35.962628 74.747559 50.968622 27.003069 31.817671 27.968040
34.426539 54.744426 34.598611 47.555063 69.740033 49.077706 55.674907 45.237319 50.027752 23.939839 35.086584 41.260629 83.475178 59.426283 51.444642 81.554767 45.462987 74.584329 30.219467 24.489133 41.220109 51.496889 17.351343 18.624985 54.689834 66.872070 73.088647 24.528945 52.791689 18.248516 48.840388 39.840332 78.145936 43.064759 0.000000 29.096117 24.327300 30.473502 27.995290 36.775485 16.130688 43.836177 84.300808 75.769707 18.351289 44.700420 28.841981 57.493435 65.248681 71.005213
61.572989 37.108405 26.912730 22.297491 48.196251 40.313941 42.078616 49.921212 45.125094 7.512373 48.931514 39.123803 65.350910 45.829150 63.386287 56.717844 35.995375 48.496438 44.776713 20.465032 21.025607 24.012265 46.045904 40.718716 32.522767 39.792874 48.798838 53.300921 27.675004 14.790139 26.165384 14.145008 60.179425 14.885031 29.096117 0.000000 47.641317 44.525907 29.702964 9.579193 22.093157 44.900095 59.477912 55.974663 26.652075 60.562195 37.096908 31.201986 38.258232 42.279497
39.515749 78.512700 37.515124 59.282243 92.904446 73.401685 55.991285 67.792586 74.146535 45.037478 55.068225 36.368617 107.462674 58.996880 31.402216 89.208874 69.782987 84.284876 50.627770 48.624013 64.060786 65.023381 24.474822 37.058647 62.441545 78.474263 80.745524 17.265944 74.380425 41.262381 58.093252 53.438592 102.122375 62.526114 24.327300 47.641317 0.000000 15.058558 27.629734 52.213970 40.416951 35.115466 91.760087 99.414625 42.529776 22.712858 21.325533 68.928359 76.849917 89.385761
53.803500 79.528505 26.558334 50.554177 92.368658 77.305459 42.399448 75.699227 79.339890 44.351346 64.953750 22.227634 108.564658 45.083413 21.100751 77.285125 73.286962 73.386515 60.192375 51.781356 63.908109 56.976401 37.320784 47.298936 51.461470 68.714622 69.026558 32.164613 72.200586 43.007318 48.113157 46.300802 103.260088 58.860055 30.473502 44.525907 15.058558 0.000000 17.281580 46.378371 44.708940 20.173352 79.704835 99.713384 48.158091 16.103350 8.959699 59.473726 67.148781 83.663396
59.708348 66.440055 9.898655 33.281852 77.854097 66.907825 29.500801 69.834475 70.194130 31.618329 62.279624 13.331636 95.003499 32.936887 33.806908 61.582903 62.650399 56.893716 57.390480 42.113397 50.384900 39.699462 41.790157 46.613765 34.959158 51.689717 53.132486 41.635362 56.970187 32.843879 31.085780 29.215379 89.798997 43.048139 27.995290 29.702964 27.629734 17.281580 0.000000 29.769147 37.067467 17.017910 64.130416 85.677121 41.591672 32.192988 8.422741 42.336075 50.101354 66.684359
70.274686 41.521532 23.922396 12.740700 49.929108 47.426705 34.860596 58.935333 52.855049 17.090899 58.499147 36.169445 68.132789 38.413620 63.264474 47.162090 43.211423 39.061744 54.355896 29.850049 26.220233 14.872618 54.071612 49.932963 23.285493 30.579828 39.219679 60.154384 28.518353 24.274878 17.019927 4.777275 63.203649 14.177993 36.775485 9.579193 52.213970 46.378371 29.769147 0.000000 31.595019 42.434442 49.925028 58.293033 36.214909 61.895628 38.003150 21.723119 29.005744 37.445603
41.095793 38.926491 40.115797 44.160223 54.352890 33.097773 59.714617 32.792724 34.638946 14.683066 27.676228 49.971269 67.440513 63.594757 65.782439 78.748894 29.379747 70.589491 23.172179 8.529887 26.647178 46.063852 28.346248 19.197685 53.679535 61.828443 70.721490 38.744267 39.241632 7.320707 47.332156 35.917338 62.122107 32.517064 16.130688 22.093157 40.416951 44.708940 37.067467 31.595019 0.000000 54.067185 81.513861 59.971459 4.994059 59.899056 40.865065 53.288727 60.311936 59.935658
72.577892 82.008452 18.523844 41.263807 92.185463 83.559390 24.470118 86.807093 87.072248 47.979559 78.721910 6.431627 109.990829 26.368239 23.626582 61.005095 79.267500 58.852944 73.828382 59.046345 65.920737 48.142106 55.184779 62.326402 38.039045 56.229298 53.317298 51.883636 70.858929 49.786750 36.888723 40.285488 104.898988 56.545008 43.836177 44.900095 35.115466 20.173352 17.017910 42.434442 54.067185 0.000000 63.164671 100.362465 58.536919 27.074584 15.571747 48.080036 54.843271 76.622732
118.699425 78.843342 54.251303 37.434301 77.186690 90.689857 38.756838 106.732467 97.287385 66.981914 108.210913 58.383036 95.005773 37.595498 86.029442 2.770386 87.159865 11.954574 104.198395 79.204067 69.099431 36.036756 101.422696 99.504096 29.869177 21.430220 11.246917 104.621912 61.693331 74.193240 35.464812 45.661257 91.821543 54.341687 84.300808 59.477912 91.760087 79.704835 64.130416 49.925028 81.513861 63.164671 0.000000 85.425744 86.129986 90.202022 71.177502 28.367208 22.537399 45.756055
94.687224 21.046612 81.899184 64.498892 8.753065 32.078692 91.031731 52.528089 36.878981 55.394931 65.984494 94.258142 10.121153 94.001097 119.280021 83.509027 33.461650 74.290998 65.851422 51.443396 35.818973 59.230597 87.105080 73.831155 74.619417 66.032831 79.897722 98.438662 29.901726 58.154671 70.491385 61.444492 6.453013 44.148514 75.769707 55.974663 99.414625 99.713384 85.677121 58.293033 59.971459 100.362465 85.425744 0.000000 59.693816 115.808726 92.886524 65.204150 65.713878 39.953495
38.363937 38.788727 45.002559 48.862434 54.683041 31.047442 64.700277 28.284082 31.677651 19.152952 22.709438 54.628348 66.605056 68.580454 69.256919 83.369747 27.712861 75.082303 18.270000 9.542122 28.220730 50.483943 27.497528 16.115791 58.543500 66.203222 75.413660 38.785485 41.225008 12.069019 52.184771 40.632248 61.340570 35.962628 18.351289 26.652075 42.529776 48.158091 41.591672 36.214909 4.994059 58.536919 86.129986 59.693816 0.000000 62.929813 44.919190 57.834215 64.711578 62.820118
61.025844 95.563667 40.250641 64.745528 108.470333 92.826660 51.544404 89.616570 94.476738 60.431483 77.555643 32.042273 124.621828 53.335955 9.709026 88.002661 88.893987 85.368258 73.006726 67.353111 79.997616 71.419807 47.136596 59.550784 63.892111 81.815116 80.172554 38.303308 88.232562 58.797866 61.521080 61.372616 119.310589 74.747559 44.700420 60.562195 22.712858 16.103350 32.192988 61.895628 59.899056 27.074584 90.202022 115.808726 62.929813 0.000000 23.893490 72.984987 80.323621 98.851996
57.142227 73.173790 17.620489 41.627517 85.265342 72.360985 34.675530 73.099781 75.057953 37.964282 63.923471 15.242788 102.012773 37.677293 26.424407 68.710675 68.198377 64.559321 59.048913 47.021321 57.265224 48.098042 39.637394 47.079554 42.611243 59.765330 60.377492 37.112240 64.663201 37.871227 39.159529 37.617729 96.755398 50.968622 28.841981 37.096908 21.325533 8.959699 8.422741 38.003150 40.865065 15.571747 71.177502 92.886524 44.919190 23.893490 0.000000 50.514128 58.196414 75.070479
91.566946 53.997374 32.981478 9.995554 56.468860 64.035895 28.987037 78.765865 70.326471 38.682322 79.843900 41.894149 75.297471 30.922075 71.548458 25.627866 60.219873 17.348577 75.848229 50.846928 42.029642 7.864498 74.831064 71.612898 11.059501 9.598149 18.191537 79.554147 37.266424 45.974285 11.464848 17.792148 71.179281 27.003069 57.493435 31.201986 68.928359 59.473726 42.336075 21.723119 53.288727 48.080036 28.367208 65.204150 57.834215 72.984987 50.514128 0.000000 7.958209 31.008656
99.177415 56.893284 40.598561 17.907796 57.125015 68.240003 33.895265 84.265700 74.790404 45.633157 86.343641 48.827153 75.658039 35.111077 78.440485 19.965209 64.657761 10.689461 82.510020 57.250427 46.568673 14.249155 82.598224 78.913542 16.848589 1.642271 14.321414 87.487661 39.768233 53.036627 19.037306 25.423533 71.930886 31.817671 65.248681 38.258232 76.849917 67.148781 50.101354 29.005744 60.311936 54.843271 22.537399 65.713878 64.711578 80.323621 58.196414 7.958209 0.000000 28.382871
101.002872 38.230866 59.148208 35.415743 32.132493 52.922867 59.920488 73.066321 59.889505 47.193890 80.225242 70.203071 49.319596 61.929581 99.202052 44.022826 50.635693 35.193756 77.637637 53.455013 36.070565 28.566029 87.276184 78.871338 41.997585 28.187635 41.595688 95.446851 23.530205 53.965920 40.432498 37.479380 46.399265 27.968040 71.005213 42.279497 89.385761 83.663396 66.684359 37.445603 59.935658 76.622732 45.756055 39.953495 62.820118 98.851996 75.070479 31.008656 28.382871 0.000000
EOF
