NAME : Random_TSP_Instance
TYPE : TSP
DIMENSION : 40
EDGE_WEIGHT_TYPE : EXPLICIT
EDGE_WEIGHT_FORMAT : FULL_MATRIX
NODE_COORD_TYPE : NO_COORDS
DISPLAY_DATA_TYPE: TWOD_DISPLAY
EDGE_WEIGHT_SECTION
0.000000 91.118383 46.606555 89.512363 71.847180 80.610054 39.450924 86.027423 22.890464 61.699878 16.185019 71.059449 70.502804 24.110595 62.852088 53.677333 69.323517 78.796414 35.039167 82.723203 26.285233 106.633784 55.765518 67.883968 47.487235 60.154367 69.386953 35.154482 56.724698 38.026834 73.609299 66.090691 39.786675 94.428713 73.996128 32.731633 59.952332 95.797257 22.797735 55.495103
91.118383 0.000000 45.584750 13.827786 54.609183 22.163143 51.683926 26.796613 75.269905 74.601431 79.804181 63.671760 31.321947 75.686590 91.268430 37.649720 32.589455 12.407784 83.882692 60.647219 65.649756 78.402289 59.867348 62.504726 55.630812 61.849110 30.615728 106.590094 43.359749 54.594925 17.621757 41.856203 68.963507 3.939418 47.899214 80.354037 47.529703 12.599534 88.662968 63.427215
46.606555 45.584750 0.000000 47.133814 37.812712 34.330713 9.048752 40.506398 29.803711 44.342925 34.237823 42.735475 34.852919 37.325168 57.538758 12.548046 34.341888 33.761679 41.066192 49.633044 23.917287 75.029112 42.686048 39.680442 17.785189 33.587625 23.796344 62.106979 28.324113 17.618486 28.002973 25.053959 39.440888 49.192769 36.009515 36.987005 22.291500 52.520868 43.529785 45.434495
89.512363 13.827786 47.133814 0.000000 64.533536 33.329757 51.115266 39.351703 76.632671 82.625588 80.222215 73.322327 22.142693 71.234482 98.775263 36.442300 23.540112 15.596108 87.716218 71.958688 63.292053 91.253680 50.552671 71.703878 60.610798 69.791814 38.812468 109.239984 36.241965 51.622211 21.393291 50.355057 62.058201 12.847836 58.224226 83.822842 54.907895 6.761410 90.559221 53.971313
71.847180 54.609183 37.812712 64.533536 0.000000 32.508942 45.902729 30.435772 49.035266 22.754679 55.743973 9.128327 64.338664 72.083556 39.389700 46.254959 64.510882 49.234082 45.144954 11.939855 58.060278 37.442073 79.948826 8.836108 25.216484 13.331264 26.122626 68.168824 63.697026 55.128659 44.280354 15.341497 76.992911 58.357633 6.953712 43.972998 15.521451 66.600464 56.261192 82.906191
80.610054 22.163143 34.330713 33.329757 32.508942 0.000000 42.767992 7.961387 61.263969 53.252023 66.885172 41.608336 40.301376 70.512656 70.101416 32.771109 41.045128 19.591011 66.333933 38.739099 57.913002 58.483929 64.487900 40.612998 38.015665 40.754125 11.692826 89.865278 46.423558 49.089343 17.170388 20.965601 68.454842 25.860765 25.746441 63.358532 27.517099 34.431298 73.352399 68.000703
39.450924 51.683926 9.048752 51.115266 45.902729 42.767992 0.000000 49.266426 26.200087 49.441377 29.142759 49.962090 35.234285 28.295605 60.887333 14.676150 34.404021 39.405372 40.610235 57.822540 15.146404 83.310604 36.587835 46.767877 23.233182 40.011790 32.661348 59.358959 25.226246 9.318992 34.158648 33.915043 31.100396 55.045681 44.658603 36.276765 30.501950 57.065663 40.273842 38.934481
86.027423 26.796613 40.506398 39.351703 30.435772 7.961387 49.266426 0.000000 65.703090 52.585479 71.657059 39.479972 48.121503 77.348132 69.464188 40.273446 48.901964 26.855795 68.898062 34.352986 64.371530 51.902214 72.414196 39.112262 41.296744 40.775725 16.763123 92.616837 54.350949 56.144044 25.030379 22.468068 76.001273 30.031525 23.487994 66.302666 29.492150 39.394240 77.017494 75.918370
22.890464 75.269905 29.803711 76.632671 49.035266 61.263969 26.200087 65.703090 0.000000 39.827703 6.716635 48.227582 61.380651 31.715223 44.311480 40.457699 60.502488 63.562611 17.701665 59.833061 22.091045 83.861110 56.620539 45.028016 25.301049 37.279451 49.628261 33.167357 50.182769 30.426358 57.758722 44.498115 44.390294 78.935118 51.522855 13.679063 37.947827 82.228270 14.077064 57.791839
61.699878 74.601431 44.342925 82.625588 22.754679 53.252023 49.441377 52.585479 39.827703 0.000000 46.033764 15.128218 77.408032 69.485986 16.901600 56.071266 77.208425 67.032937 28.547281 27.246036 56.614746 46.521968 86.022788 13.975684 26.612867 12.843207 44.163457 48.778881 72.665802 58.357909 61.325082 32.748394 78.676209 78.497071 29.399314 29.388016 27.737695 85.785456 41.499379 88.351475
16.185019 79.804181 34.237823 80.222215 55.743973 66.885172 29.142759 71.657059 6.716635 46.033764 0.000000 54.890204 63.643868 28.082556 49.166660 43.787907 62.659072 67.834501 21.512251 66.544294 21.276271 90.495256 55.723423 51.705370 31.788756 43.970221 55.343729 31.788566 51.453298 31.458269 62.195632 50.824958 42.122784 83.371106 58.142241 18.180363 44.401529 86.065900 13.238102 56.490351
71.059449 63.671760 42.735475 73.322327 9.128327 41.608336 49.962090 39.479972 48.227582 15.128218 54.890204 0.000000 71.879975 74.321121 31.014110 52.559917 71.945271 57.904729 41.108688 12.637197 60.524312 35.676699 85.401943 3.325520 27.339679 11.079194 34.635878 63.026756 69.963642 59.280097 52.743397 23.324888 80.880730 67.439731 16.054301 40.781964 21.304352 75.578253 53.263566 88.168941
70.502804 31.321947 34.852919 22.142693 64.338664 40.301376 35.234285 48.121503 61.380651 77.408032 63.643868 71.879975 0.000000 50.275727 91.869668 22.308080 1.399156 22.262853 75.337660 74.351304 44.364973 97.313358 28.745570 69.453549 51.843985 65.272170 39.166784 94.545758 14.552315 32.730506 23.133582 48.997196 40.032082 32.601938 59.470928 71.092039 50.883617 28.887605 75.425183 32.258868
24.110595 75.686590 37.325168 71.234482 72.083556 70.512656 28.295605 77.348132 31.715223 69.485986 28.082556 74.321121 50.275727 0.000000 75.945836 38.791787 48.959858 63.375306 49.168522 83.947470 14.043534 109.319815 31.784413 70.997821 47.169992 63.422897 60.885538 57.397602 35.776116 21.611309 59.256401 61.730125 15.683170 78.459949 71.945489 45.347534 57.373548 77.879802 40.775858 31.388570
62.852088 91.268430 57.538758 98.775263 39.389700 70.101416 60.887333 69.464188 44.311480 16.901600 49.166660 31.014110 91.869668 75.945836 0.000000 69.878358 91.525552 83.230035 27.918428 41.744662 64.698577 55.530201 97.007390 30.554265 40.035829 29.432130 60.707612 40.457239 85.493089 69.011112 77.390532 49.438072 87.420652 95.181099 46.171531 30.995671 43.963958 102.221488 40.294512 98.928930
53.677333 37.649720 12.548046 36.442300 46.254959 32.771109 14.676150 40.273446 40.457699 56.071266 43.787907 52.559917 22.308080 38.791787 69.878358 0.000000 21.797625 25.249526 53.273581 57.496567 28.000524 82.228212 34.217894 49.765066 29.884249 44.548924 25.406758 73.444000 17.455122 17.235468 20.570130 31.573715 35.727848 40.821461 42.873795 49.094868 31.282416 42.406826 54.501310 37.435379
69.323517 32.589455 34.341888 23.540112 64.510882 41.045128 34.404021 48.901964 60.502488 77.208425 62.659072 71.945271 1.399156 48.959858 91.525552 21.797625 0.000000 23.288527 74.643599 74.651008 43.227712 97.785231 27.404923 69.474324 51.489883 65.157189 39.538666 93.658649 13.209217 31.631807 23.878504 49.174820 38.637169 33.928635 59.754959 70.381150 50.871056 30.286047 74.529906 30.928275
78.796414 12.407784 33.761679 15.596108 49.234082 19.591011 39.405372 26.855795 63.562611 67.032937 67.834501 57.904729 22.262853 63.375306 83.230035 25.249526 23.288527 0.000000 73.263870 57.289730 53.246874 78.048493 49.534728 56.196411 45.567446 54.197271 23.297764 95.458390 32.183512 42.200531 6.073504 34.810331 57.275017 15.640389 43.129389 69.536301 39.324823 19.420531 77.185683 53.125637
35.039167 83.882692 41.066192 87.716218 45.144954 66.333933 40.610235 68.898062 17.701665 28.547281 21.512251 41.108688 75.337660 49.168522 27.918428 53.273581 74.643599 73.263870 0.000000 53.706813 39.634318 75.018942 73.863666 38.476894 28.475980 31.840651 54.864613 23.733259 65.716315 46.737912 67.205340 46.433918 62.083033 87.754477 49.760168 4.373080 39.405935 92.604886 13.125903 75.218120
82.723203 60.647219 49.633044 71.958688 11.939855 38.739099 57.822540 34.352986 59.833061 27.246036 66.544294 12.637197 74.351304 83.947470 41.744662 57.496567 74.651008 57.289730 53.706813 0.000000 69.940077 25.502705 91.463716 15.290802 36.909425 22.692370 35.268763 75.622140 74.849754 67.027746 52.991954 25.974789 88.900963 64.127219 14.908550 53.233208 27.367662 73.102474 65.705188 94.490126
26.285233 65.649756 23.917287 63.292053 58.060278 57.913002 15.146404 64.371530 22.091045 56.614746 21.276271 60.524312 44.364973 14.043534 64.698577 28.000524 43.227712 53.246874 39.634318 69.940077 0.000000 95.344951 34.649553 57.208630 33.258383 49.731364 47.703916 53.033565 31.043896 11.742780 48.440458 47.820899 22.737839 68.784257 57.922364 35.415847 43.337742 69.645834 34.410807 35.709571
106.633784 78.402289 75.029112 91.253680 37.442073 58.483929 83.310604 51.902214 83.861110 46.521968 90.495256 35.676699 97.313358 109.319815 55.530201 82.228212 97.785231 78.048493 75.018942 25.502705 95.344951 0.000000 116.399072 38.940531 62.171146 46.734990 58.384951 94.505567 99.354434 92.492623 74.775139 50.723755 114.371500 81.279212 39.400323 75.459809 52.824614 90.947738 87.814743 119.516486
55.765518 59.867348 42.686048 50.552671 79.948826 64.487900 36.587835 72.414196 56.620539 86.022788 55.723423 85.401943 28.745570 31.784413 97.007390 34.217894 27.404923 49.534728 73.863666 91.463716 34.649553 116.399072 0.000000 82.365264 59.636420 76.133054 59.231721 87.188996 18.064364 27.999828 48.302809 65.684168 16.573123 61.330767 77.006873 69.544358 64.565838 57.181890 68.947776 3.591062
67.883968 62.504726 39.680442 71.703878 8.836108 40.612998 46.767877 39.112262 45.028016 13.975684 51.705370 3.325520 69.453549 70.997821 30.554265 49.765066 69.474324 56.196411 38.476894 15.290802 57.208630 38.940531 82.365264 0.000000 24.045704 7.794483 32.901277 60.785684 67.121175 56.082116 50.876880 21.409944 77.638539 66.323601 15.666037 37.942768 18.641777 74.214974 50.416369 85.096637
47.487235 55.630812 17.785189 60.610798 25.216484 38.015665 23.233182 41.296744 25.301049 26.612867 31.788756 27.339679 51.843985 47.169992 40.035829 29.884249 51.489883 45.567446 28.475980 36.909425 33.258383 62.171146 59.636420 24.045704 0.000000 16.877488 26.440532 51.862258 46.096179 32.438839 39.501787 19.350987 53.709771 59.535421 26.537795 25.347780 12.650609 64.986864 35.725479 62.109786
60.154367 61.849110 33.587625 69.791814 13.331264 40.754125 40.011790 40.775725 37.279451 12.843207 43.970221 11.079194 65.272170 63.422897 29.432130 44.548924 65.157189 54.197271 31.840651 22.692370 49.731364 46.734990 76.133054 7.794483 16.877488 0.000000 31.343728 54.858647 61.622523 49.271898 48.514284 20.006150 70.580091 65.756961 18.674512 30.850174 14.946758 72.951922 43.249822 78.727202
69.386953 30.615728 23.796344 38.812468 26.122626 11.692826 32.661348 16.763123 49.628261 44.163457 55.343729 34.635878 39.166784 60.885538 60.707612 25.406758 39.538666 23.297764 54.864613 35.268763 47.703916 58.384951 59.231721 32.901277 26.440532 31.343728 0.000000 78.299875 41.531275 40.012651 18.159174 11.554039 60.692403 34.546537 20.502293 51.783670 16.928936 41.632436 61.662004 62.575647
35.154482 106.590094 62.106979 109.239984 68.168824 89.865278 59.358959 92.616837 33.167357 48.778881 31.788566 63.026756 94.545758 57.397602 40.457239 73.444000 93.658649 95.458390 23.733259 75.622140 53.033565 94.505567 87.188996 60.785684 51.862258 54.858647 78.299875 0.000000 83.019253 63.053203 89.475973 70.158580 72.644794 110.398939 73.195763 26.516285 63.126604 114.549133 19.135628 87.687809
56.724698 43.359749 28.324113 36.241965 63.697026 46.423558 25.226246 54.350949 50.182769 72.665802 51.453298 69.963642 14.552315 35.776116 85.493089 17.455122 13.209217 32.183512 65.716315 74.849754 31.043896 99.354434 18.064364 67.121175 46.096179 61.622523 41.531275 83.019253 0.000000 19.996473 30.394122 48.881504 25.903848 45.361597 60.123806 61.358086 48.715859 42.996962 63.935925 21.585607
38.026834 54.594925 17.618486 51.622211 55.128659 49.089343 9.318992 56.144044 30.426358 58.357909 31.458269 59.280097 32.730506 21.611309 69.011112 17.235468 31.631807 42.200531 46.737912 67.027746 11.742780 92.492623 27.999828 56.082116 32.438839 49.271898 40.012651 63.053203 19.996473 0.000000 37.785343 42.657845 21.879925 57.578446 53.617422 42.367632 39.668665 58.032361 44.005621 30.068744
73.609299 17.621757 28.002973 21.393291 44.280354 17.170388 34.158648 25.030379 57.758722 61.325082 62.195632 52.743397 23.133582 59.256401 77.390532 20.570130 23.878504 6.073504 67.205340 52.991954 48.440458 74.775139 48.302809 50.876880 39.501787 48.514284 18.159174 89.475973 30.394122 37.785343 0.000000 29.472702 54.398541 21.189797 38.481148 63.495572 33.587614 25.491276 71.291661 51.872888
66.090691 41.856203 25.053959 50.355057 15.341497 20.965601 33.915043 22.468068 44.498115 32.748394 50.824958 23.324888 48.997196 61.730125 49.438072 31.573715 49.174820 34.810331 46.433918 25.974789 47.820899 50.723755 65.684168 21.409944 19.350987 20.006150 11.554039 70.158580 48.881504 42.657845 29.472702 0.000000 64.396559 45.757849 11.323977 43.911746 7.036611 53.139162 54.938399 68.792783
39.786675 68.963507 39.440888 62.058201 76.992911 68.454842 31.100396 76.001273 44.390294 78.676209 42.122784 80.880730 40.032082 15.683170 87.420652 35.727848 38.637169 57.275017 62.083033 88.900963 22.737839 114.371500 16.573123 77.638539 53.709771 70.580091 60.692403 72.644794 25.903848 21.879925 54.398541 64.396559 0.000000 71.154646 75.447398 57.955160 61.546954 68.819591 55.254956 15.767537
94.428713 3.939418 49.192769 12.847836 58.357633 25.860765 55.045681 30.031525 78.935118 78.497071 83.371106 67.439731 32.601938 78.459949 95.181099 40.821461 33.928635 15.640389 87.754477 64.127219 68.784257 81.279212 61.330767 66.323601 59.535421 65.756961 34.546537 110.398939 45.361597 57.578446 21.189797 45.757849 71.154646 0.000000 51.605747 84.201812 51.464281 9.818789 92.396531 64.856735
73.996128 47.899214 36.009515 58.224226 6.953712 25.746441 44.658603 23.487994 51.522855 29.399314 58.142241 16.054301 59.470928 71.945489 46.171531 42.873795 59.754959 43.129389 49.760168 14.908550 57.922364 39.400323 77.006873 15.666037 26.537795 18.674512 20.502293 73.195763 60.123806 53.617422 38.481148 11.323977 75.447398 51.605747 0.000000 48.109528 14.625931 60.021465 60.082030 80.116221
32.731633 80.354037 36.987005 83.822842 43.972998 63.358532 36.276765 66.302666 13.679063 29.388016 18.180363 40.781964 71.092039 45.347534 30.995671 49.094868 70.381150 69.536301 4.373080 53.233208 35.415847 75.459809 69.544358 37.942768 25.347780 30.850174 51.783670 26.516285 61.358086 42.367632 63.495572 43.911746 57.955160 84.201812 48.109528 0.000000 36.879840 88.820958 12.481636 70.934701
59.952332 47.529703 22.291500 54.907895 15.521451 27.517099 30.501950 29.492150 37.947827 27.737695 44.401529 21.304352 50.883617 57.373548 43.963958 31.282416 50.871056 39.324823 39.405935 27.367662 43.337742 52.824614 64.565838 18.641777 12.650609 14.946758 16.928936 63.126604 48.715859 39.668665 33.587614 7.036611 61.546954 51.464281 14.625931 36.879840 0.000000 58.260313 47.995546 67.470832
95.797257 12.599534 52.520868 6.761410 66.600464 34.431298 57.065663 39.394240 82.228270 85.785456 86.065900 75.578253 28.887605 77.879802 102.221488 42.406826 30.286047 19.420531 92.604886 73.102474 69.645834 90.947738 57.181890 74.214974 64.986864 72.951922 41.632436 114.549133 42.996962 58.032361 25.491276 53.139162 68.819591 9.818789 60.021465 88.820958 58.260313 0.000000 96.048352 60.571713
22.797735 88.662968 43.529785 90.559221 56.261192 73.352399 40.273842 77.017494 14.077064 41.499379 13.238102 53.263566 75.425183 40.775858 40.294512 54.501310 74.529906 77.185683 13.125903 65.705188 34.410807 87.814743 68.947776 50.416369 35.725479 43.249822 61.662004 19.135628 63.935925 44.005621 71.291661 54.938399 55.254956 92.396531 60.082030 12.481636 47.995546 96.048352 0.000000 69.727701
55.495103 63.427215 45.434495 53.971313 82.906191 68.000703 38.934481 75.918370 57.791839 88.351475 56.490351 88.168941 32.258868 31.388570 98.928930 37.435379 30.928275 53.125637 75.218120 94.490126 35.709571 119.516486 3.591062 85.096637 62.109786 78.727202 62.575647 87.687809 21.585607 30.068744 51.872888 68.792783 15.767537 64.856735 80.116221 70.934701 67.470832 60.571713 69.727701 0.000000
EOF
