NAME : Random_TSP_Instance
TYPE : TSP
DIMENSION : 30
EDGE_WEIGHT_TYPE : EXPLICIT
EDGE_WEIGHT_FORMAT : FULL_MATRIX
NODE_COORD_TYPE : NO_COORDS
DISPLAY_DATA_TYPE: TWOD_DISPLAY
EDGE_WEIGHT_SECTION
0.000000 14.962840 20.674006 49.895799 28.097041 39.739657 41.048506 41.680534 34.817504 57.665968 44.210150 45.703026 50.314190 48.724653 36.221363 65.749852 35.944826 32.673060 36.951461 75.338907 65.085226 8.028522 24.612286 34.857555 73.970791 28.617982 59.763964 54.363909 12.062617 37.457397
14.962840 0.000000 34.722865 63.154824 42.822745 51.652131 55.085544 29.088020 20.263550 64.756967 34.109719 60.569826 41.482926 36.859685 26.666092 69.032859 25.649663 33.109045 51.600317 83.198340 61.679127 18.338252 18.480891 20.128755 68.581380 22.849981 56.655202 58.497289 11.369814 52.175568
20.674006 34.722865 0.000000 29.355988 9.393969 20.862213 20.422139 56.588860 52.880996 62.746982 55.838798 30.765631 70.077294 62.166697 48.261273 75.360701 56.388527 48.210933 17.342611 77.913605 81.241795 24.019062 44.450236 54.844330 91.330391 38.393986 75.900752 63.790436 26.549553 24.908452
49.895799 63.154824 29.355988 0.000000 24.971026 13.771298 10.753903 80.199308 79.388463 82.211175 76.560532 32.030853 99.325121 84.021884 70.211975 97.895094 85.735984 75.997105 18.355429 93.499921 108.514348 53.160658 73.772876 83.008352 119.249320 60.096664 103.256075 86.866405 53.395856 34.451032
28.097041 42.822745 9.393969 24.971026 0.000000 21.183629 14.489450 65.880005 61.685849 59.933719 65.230808 21.602437 75.272802 71.545943 57.652326 74.264344 62.610818 51.070683 8.884076 73.607356 83.548156 29.372695 50.161258 62.896498 94.297039 47.784123 78.286023 62.937765 35.555637 16.832124
39.739657 51.652131 20.862213 13.771298 21.183629 0.000000 13.904205 66.715521 66.606694 81.111040 62.823814 37.062508 90.018115 70.331163 56.586295 95.104903 75.572079 69.068261 19.660846 94.576124 102.104006 44.500439 64.290654 71.029290 112.136854 46.524243 96.762721 83.659052 41.196192 36.068649
41.048506 55.085544 20.422139 10.753903 14.489450 13.904205 0.000000 74.905286 72.613470 71.765230 72.513214 23.680911 89.549964 79.562506 65.554191 87.219862 76.463539 65.543938 7.748695 83.665518 97.900817 43.446723 64.216857 75.178767 108.743316 55.370062 92.661423 76.146733 46.237212 24.421456
41.680534 29.088020 56.588860 80.199308 65.880005 66.715521 74.905286 0.000000 12.878085 93.088561 10.241236 86.169489 55.301190 8.131563 10.831699 95.109734 41.262617 59.285518 73.777702 111.656925 81.426562 47.064126 42.616309 23.498126 84.903914 20.265465 77.199862 85.470194 30.795036 78.519178
34.817504 20.263550 52.880996 79.388463 61.685849 66.606694 72.613470 12.878085 0.000000 81.679209 22.208452 80.498610 42.710906 20.783253 18.600116 82.705474 28.390246 47.188364 70.188194 100.277952 68.563780 38.514354 30.446066 10.818223 72.287226 23.641940 64.321860 73.382288 26.400067 72.262939
57.665968 64.756967 62.746982 82.211175 59.933719 81.111040 71.765230 93.088561 81.679209 0.000000 98.865685 53.164471 58.600722 101.139010 91.315919 18.509170 59.433073 35.331059 64.016542 18.598985 44.129625 49.790679 51.587674 74.357367 56.120352 85.582819 41.209669 13.422497 69.137676 47.969316
44.210150 34.109719 55.838798 76.560532 65.230808 62.823814 72.513214 10.241236 22.208452 98.865685 0.000000 86.339691 64.918785 7.965868 7.998135 102.368278 50.312582 66.298369 72.445466 117.286328 90.446593 50.733475 49.993518 33.026345 94.487328 17.450706 86.030241 92.243580 32.325077 79.320600
45.703026 60.569826 30.765631 32.030853 21.602437 37.062508 23.680911 86.169489 80.498610 53.164471 86.339691 0.000000 85.547255 92.312758 78.602179 70.512994 75.638678 58.020920 17.595921 62.209756 87.069233 43.753696 62.875779 79.868908 98.884425 68.958138 82.234507 60.577861 55.395487 8.939980
50.314190 41.482926 70.077294 99.325121 75.272802 90.018115 89.549964 55.301190 42.710906 58.600722 64.918785 85.547255 0.000000 62.601528 60.465969 50.816401 16.004155 28.413471 83.826858 75.229507 27.783609 46.169080 25.728248 31.895127 29.602730 61.712070 24.926563 46.014073 52.732727 76.704056
48.724653 36.859685 62.166697 84.021884 71.545943 70.331163 79.562506 8.131563 20.783253 101.139010 7.965868 92.312758 62.601528 0.000000 14.021264 103.232503 49.034136 67.416797 79.079606 119.694215 89.117723 54.545013 50.746188 31.099493 92.166093 24.193077 84.991232 93.599722 37.317206 84.955398
36.221363 26.666092 48.261273 70.211975 57.652326 56.586295 65.554191 10.831699 18.600116 91.315919 7.998135 78.602179 60.465969 14.021264 0.000000 95.441652 45.194930 59.370128 65.087516 109.668228 84.977122 42.831640 43.416991 29.015975 89.801360 10.189929 80.367171 85.094578 24.327560 71.461404
65.749852 69.032859 75.360701 97.895094 74.264344 95.104903 87.219862 95.109734 82.705474 18.509170 102.368278 70.512994 50.816401 103.232503 95.441652 0.000000 56.575841 36.082355 79.540247 26.911395 29.494752 57.757991 52.520006 73.713487 40.466615 91.462422 28.307764 11.614516 75.913418 64.430750
35.944826 25.649663 56.388527 85.735984 62.610818 75.572079 76.463539 41.262617 28.390246 59.433073 50.312582 75.638678 16.004155 49.034136 45.194930 56.575841 0.000000 24.441548 71.411813 77.556354 40.180717 33.275598 12.780200 18.003090 44.671223 45.806498 35.957625 48.801603 36.985733 66.700163
32.673060 33.109045 48.210933 75.997105 51.070683 69.068261 65.543938 59.285518 47.188364 35.331059 66.298369 58.020920 28.413471 67.416797 59.370128 36.082355 24.441548 0.000000 58.908968 53.752322 33.069011 25.478597 16.742525 39.159535 43.274344 55.805340 27.717422 26.204987 41.049609 49.381508
36.951461 51.600317 17.342611 18.355429 8.884076 19.660846 7.748695 73.777702 70.188194 64.016542 72.445466 17.595921 83.826858 79.079606 65.087516 79.540247 71.411813 58.908968 0.000000 76.063944 90.901771 38.142648 58.898028 71.702605 101.937982 55.032157 85.706607 68.523127 43.889419 16.867310
75.338907 83.198340 77.913605 93.499921 73.607356 94.576124 83.665518 111.656925 100.277952 18.598985 117.286328 62.209756 75.229507 119.694215 109.668228 26.911395 77.556354 53.752322 76.063944 0.000000 56.370994 67.634239 70.146106 92.869814 67.317423 103.609656 54.782896 29.290982 87.058786 59.244062
65.085226 61.679127 81.241795 108.514348 83.548156 102.104006 97.900817 81.426562 68.563780 44.129625 90.446593 87.069233 27.783609 89.117723 84.977122 29.494752 40.180717 33.069011 90.901771 56.370994 0.000000 58.364927 43.219202 58.018332 12.241182 84.127021 5.355054 30.946945 71.651909 79.167907
8.028522 18.338252 24.019062 53.160658 29.372695 44.500439 43.446723 47.064126 38.514354 49.790679 50.733475 43.753696 46.169080 54.545013 42.831640 57.757991 33.275598 25.478597 38.142648 67.634239 58.364927 0.000000 20.796246 36.288684 67.837793 36.009411 53.013779 46.347744 19.426545 35.000126
24.612286 18.480891 44.450236 73.772876 50.161258 64.290654 64.216857 42.616309 30.446066 51.587674 49.993518 62.875779 25.728248 50.746188 43.416991 52.520006 12.780200 16.742525 58.898028 70.146106 43.219202 20.796246 0.000000 22.849716 50.579949 41.165601 38.175304 42.942266 28.662599 53.939496
34.857555 20.128755 54.844330 83.008352 62.896498 71.029290 75.178767 23.498126 10.818223 74.357367 33.026345 79.868908 31.895127 31.099493 29.015975 73.713487 18.003090 39.159535 71.702605 92.869814 58.018332 36.288684 22.849716 0.000000 61.479625 32.304239 53.925556 65.034607 29.835408 71.223147
73.970791 68.581380 91.330391 119.249320 94.297039 112.136854 108.743316 84.903914 72.287226 56.120352 94.487328 98.884425 29.602730 92.166093 89.801360 40.466615 44.671223 43.274344 101.937982 67.317423 12.241182 67.837793 50.579949 61.479625 0.000000 90.229922 16.662886 43.075231 79.223035 90.825626
28.617982 22.849981 38.393986 60.096664 47.784123 46.524243 55.370062 20.265465 23.641940 85.582819 17.450706 68.958138 61.712070 24.193077 10.189929 91.462422 45.806498 55.805340 55.032157 103.609656 84.127021 36.009411 41.165601 32.304239 90.229922 0.000000 79.216426 80.617575 16.612524 62.109021
59.763964 56.655202 75.900752 103.256075 78.286023 96.762721 92.661423 77.199862 64.321860 41.209669 86.030241 82.234507 24.926563 84.991232 80.367171 28.307764 35.957625 27.717422 85.706607 54.782896 5.355054 53.013779 38.175304 53.925556 16.662886 79.216426 0.000000 27.814947 66.485196 74.222899
54.363909 58.497289 63.790436 86.866405 62.937765 83.659052 76.146733 85.470194 73.382288 13.422497 92.243580 60.577861 46.014073 93.599722 85.094578 11.614516 48.801603 26.204987 68.523127 29.290982 30.946945 46.347744 42.942266 65.034607 43.075231 80.617575 27.814947 0.000000 64.802703 53.938946
12.062617 11.369814 26.549553 53.395856 35.555637 41.196192 46.237212 30.795036 26.400067 69.137676 32.325077 55.395487 52.732727 37.317206 24.327560 75.913418 36.985733 41.049609 43.889419 87.058786 71.651909 19.426545 28.662599 29.835408 79.223035 16.612524 66.485196 64.802703 0.000000 47.742074
37.457397 52.175568 24.908452 34.451032 16.832124 36.068649 24.421456 78.519178 72.262939 47.969316 79.320600 8.939980 76.704056 84.955398 71.461404 64.430750 66.700163 49.381508 16.867310 59.244062 79.167907 35.000126 53.939496 71.223147 90.825626 62.109021 74.222899 53.938946 47.742074 0.000000
EOF
