NAME : Random_TSP_Instance
TYPE : TSP
DIMENSION : 80
EDGE_WEIGHT_TYPE : EXPLICIT
EDGE_WEIGHT_FORMAT : FULL_MATRIX
NODE_COORD_TYPE : NO_COORDS
DISPLAY_DATA_TYPE: TWOD_DISPLAY
EDGE_WEIGHT_SECTION
0.000000 9.530883 24.155588 46.189684 12.146029 20.569451 3.689623 31.564924 57.323922 45.192203 43.338888 78.322754 60.506544 30.774365 69.480791 67.403293 82.211933 16.849120 19.075452 24.661543 38.861871 61.525476 40.589075 52.622331 53.623121 72.500170 56.801762 34.932361 63.984166 30.025512 60.732716 12.668777 11.736614 27.581540 74.627584 10.741895 41.148212 42.364942 16.049260 81.992682 24.083596 4.160445 45.001535 45.923305 77.365828 25.900090 84.811985 75.307507 59.876899 29.489354 78.010723 45.060862 67.974310 56.934122 41.431705 85.778775 41.863113 79.405780 86.492247 55.055655 26.406787 57.204705 17.040663 76.744503 72.512665 79.747258 48.244224 18.906901 21.388782 15.902421 31.788678 22.453104 60.794545 67.764794 25.224053 31.918707 52.969332 78.996710 62.336257 58.084032
9.530883 0.000000 33.343217 49.693715 12.610405 29.748737 8.739889 40.541971 58.229371 53.313802 43.536257 77.358472 61.130245 40.304635 78.694112 70.490474 84.927901 7.844510 20.895582 18.601464 48.177307 70.582003 49.661810 61.014689 61.064419 73.468209 60.674277 44.462944 68.007147 23.190974 67.652143 11.884357 16.036916 32.021631 81.234458 14.734662 42.101282 48.726433 25.305997 84.489174 18.897816 10.527733 41.512925 52.816065 85.576546 18.495377 90.984976 83.157353 58.666551 38.139691 77.651517 44.783213 77.337196 61.629272 50.883164 93.604772 40.137225 78.779460 94.174885 55.451048 18.719720 66.662041 15.820602 85.516801 78.535330 77.654938 52.411061 26.743013 30.721289 25.386871 34.173481 31.644481 63.565701 67.712975 19.072006 32.579570 58.938119 81.442689 67.287495 63.006866
24.155588 33.343217 0.000000 52.874885 27.385743 3.595517 24.772206 7.676222 68.561895 36.126439 57.359906 91.998914 72.062377 11.146522 51.265082 72.813170 87.601743 39.562717 26.525408 42.380192 22.318357 44.903739 26.180245 40.984472 46.489198 82.528032 61.155518 14.326495 67.212623 53.428848 54.914409 34.338416 21.836694 36.308452 68.829378 22.603275 54.081609 41.356845 8.111222 87.941949 40.666483 25.632797 64.478245 42.240203 64.723647 49.703209 79.942622 64.457219 74.944468 7.161566 90.516440 59.716843 48.489028 58.981588 22.520160 74.504455 59.156228 92.380030 75.803513 67.509761 46.240204 33.741651 30.886074 61.173184 68.926494 95.449468 52.909139 22.135603 3.213573 9.073065 43.708905 14.674208 67.549770 80.188422 42.959179 46.885237 51.527912 85.234818 63.052357 59.330082
46.189684 49.693715 52.874885 0.000000 58.313725 51.437105 49.851205 58.686588 17.752882 30.703057 16.769039 41.651832 21.134083 47.472345 59.685105 21.238647 36.145087 56.313023 64.901205 68.285959 43.136856 51.048025 39.737795 36.842170 28.492642 29.887620 11.059424 49.270295 18.412896 45.049942 28.979967 37.975053 57.144160 18.710522 38.230714 56.444063 13.842959 16.621153 49.215829 36.082271 68.533503 42.169203 33.741281 20.869448 52.649729 46.468692 45.293525 47.634335 28.903156 59.860408 39.106868 18.936589 61.954078 13.560205 47.650248 56.427886 25.419025 41.295253 55.922789 18.661726 67.662824 68.022750 63.120767 58.443877 33.218240 47.539825 4.432181 31.677564 50.185936 46.435455 15.837931 38.266803 14.962417 29.365660 68.744217 19.854884 17.438872 33.165278 19.377492 15.485892
12.146029 12.610405 27.385743 58.313725 0.000000 24.103066 8.466159 33.360581 68.903359 55.543116 54.577489 89.110767 71.991252 36.876435 77.224040 79.511186 94.286879 14.472736 8.289518 15.162270 46.700231 69.886775 49.260619 62.496924 64.582233 84.138411 68.947558 40.813249 76.128265 35.593950 72.034241 22.743402 5.667212 39.726872 86.059663 4.782476 52.674748 54.087447 20.573688 94.034484 13.758171 16.152399 53.983920 57.345604 87.293120 30.767027 96.441454 85.708535 70.482558 30.203237 89.110667 56.092752 75.045406 69.036068 48.378351 96.153822 52.081992 90.375187 97.021936 66.432117 18.871640 60.968024 4.983403 85.684386 84.240055 89.848049 60.389073 30.191382 25.672390 22.058327 43.682378 31.462400 72.856417 78.986592 15.751036 43.259733 64.785877 91.027377 74.393315 70.152741
20.569451 29.748737 3.595517 51.437105 24.103066 0.000000 21.190881 11.104892 66.656486 36.852622 55.007286 89.874387 70.136650 13.322899 53.848371 71.746835 86.623579 36.014219 23.887215 39.188604 24.176593 47.152534 27.686167 42.270189 47.072454 80.867955 60.143112 16.959697 66.419178 49.955748 55.390289 30.957695 18.646065 34.277895 69.427417 19.329746 51.834368 40.845744 4.544719 86.884706 37.551292 22.140710 61.499231 42.175820 66.413711 46.177124 80.464105 65.845916 72.567686 9.827242 88.547515 57.303702 51.289533 58.282963 24.937347 76.020588 56.415242 90.353109 77.230503 65.435407 42.907673 37.238139 27.812645 63.342250 69.177095 93.058490 51.755654 20.110915 1.934496 5.948072 41.448515 13.816209 66.253013 78.188498 39.771832 44.310619 51.264720 84.122973 62.593842 58.754421
3.689623 8.739889 24.772206 49.851205 8.466159 21.190881 0.000000 31.854261 60.742183 48.364117 46.610744 81.448433 63.888263 32.465237 71.875683 71.055279 85.846588 14.962234 15.677463 21.379405 41.194197 64.098920 43.203591 55.655990 56.995233 75.946765 60.483489 36.590431 67.670821 31.118792 64.211733 15.277313 8.775970 31.262362 78.149025 7.622561 44.535403 45.957669 16.848694 85.611088 20.644659 7.711812 47.421656 49.429711 80.443557 26.682774 88.389871 78.526813 62.921947 29.402089 81.251948 48.252655 70.156695 60.621840 43.485323 88.996275 44.734999 82.598952 89.755949 58.391779 23.560413 58.319120 13.351085 79.520030 76.114836 82.625042 51.930361 22.322313 22.293703 17.307900 35.329785 25.063748 64.421741 71.047585 21.953547 35.217325 56.591558 82.609715 66.016938 61.766681
31.564924 40.541971 7.676222 58.686588 33.360581 11.104892 31.854261 0.000000 74.942352 38.501895 64.317357 98.613887 78.459329 12.504491 48.734295 77.950360 92.537083 46.367338 30.954548 47.904130 22.823587 43.452382 27.276943 42.034216 48.921298 88.530152 66.271830 13.588483 71.936219 61.059124 57.437057 42.009422 27.695135 43.008277 70.963098 28.650480 60.930923 45.872267 15.638639 93.005273 45.990989 33.245447 72.005589 45.975254 64.449456 57.271592 82.154128 64.904675 81.891988 3.857317 96.929796 66.734462 45.311932 63.605250 21.463674 74.565128 66.499227 98.867388 76.064696 74.110755 52.166860 27.838745 36.239976 59.704893 71.755273 102.386831 58.303451 29.007546 10.846554 16.746142 50.615217 20.611023 73.069891 86.663045 48.465395 54.099648 55.479337 90.395243 67.235608 63.744381
57.323922 58.229371 68.561895 17.752882 68.903359 66.656486 60.742183 74.942352 0.000000 48.306992 14.878719 24.034758 3.521722 64.364293 76.467182 18.543166 29.139120 63.416000 76.389505 76.078722 60.771535 68.077058 57.467405 53.975042 44.835717 15.254285 18.771016 66.482410 22.491259 46.156559 43.211424 46.500263 68.964070 32.395103 48.549709 68.046236 16.229862 34.308265 63.802079 28.103955 76.847039 53.164490 27.463616 38.205932 66.651394 49.233010 52.320959 61.054660 13.078920 75.692029 21.987543 14.378077 79.098383 24.436927 65.308748 68.440189 21.564271 23.972589 67.441861 3.949395 74.237652 85.756154 73.308573 73.788041 42.249803 29.859660 20.567269 46.546962 65.646842 61.181046 25.870544 54.331402 12.748105 11.806068 76.443959 25.707635 32.639346 25.120458 28.257854 26.392576
45.192203 53.313802 36.126439 30.703057 55.543116 36.852622 48.364117 38.501895 48.306992 0.000000 44.648246 71.773633 51.551770 26.061113 30.402552 44.039998 57.274143 61.158183 58.773529 69.743409 16.518269 21.419129 11.949698 8.147003 10.435261 58.174033 33.208659 25.443339 36.829430 61.498711 18.944078 45.321957 51.630431 28.089252 32.709816 51.629522 40.857749 14.109406 37.496424 58.156896 68.914065 42.846414 59.559771 10.386042 32.262925 60.420541 43.848911 30.181938 59.460064 41.279338 68.686214 47.263959 31.797897 28.757347 20.102487 40.644274 51.449421 71.041949 41.478854 49.350984 71.535497 38.591204 60.365362 33.250698 33.264790 78.165511 27.843557 26.572070 34.968221 34.967899 34.237398 24.468387 41.280518 59.577530 70.317616 40.209360 19.110005 55.986050 30.718679 28.141282
43.338888 43.536257 57.359906 16.769039 54.577489 55.007286 46.610744 64.317357 14.878719 44.648246 0.000000 35.239817 17.606891 55.034039 74.758373 30.648492 43.358505 48.552560 62.286311 61.230938 53.767758 65.879346 51.325955 51.774710 44.501657 30.001269 25.181808 57.806671 31.609182 31.941262 45.712253 31.947730 55.068532 21.498883 54.665855 54.075162 3.838770 30.973070 51.651762 42.528923 62.039790 39.213309 17.028055 36.007545 69.311881 34.647679 60.839406 64.380197 17.585748 64.510833 34.676262 2.660213 76.444668 29.483724 58.320480 73.181676 8.888468 36.130319 72.638902 11.915624 59.360097 79.056674 58.837810 74.665011 49.246082 38.090953 21.188159 35.313237 54.267864 49.235320 13.708173 44.036185 23.580727 24.436844 61.589982 11.426230 34.143220 39.487952 34.919986 31.544546
78.322754 77.358472 91.998914 41.651832 89.110767 89.874387 81.448433 98.613887 24.034758 71.773633 35.239817 0.000000 20.557388 88.304638 98.622540 32.587176 31.802998 81.117019 97.054623 93.765926 84.768842 90.626365 81.379037 76.808037 67.092382 16.037463 39.674317 90.495846 39.842051 60.104170 63.836340 66.376371 90.053494 55.691698 65.438404 89.008650 38.103643 57.991970 86.717734 29.821391 94.954920 74.246372 38.125481 61.474956 85.961782 64.332128 65.638783 80.005587 18.697660 99.157203 4.953407 33.300244 101.705027 45.213914 89.293994 85.622539 37.249610 3.060822 84.159367 24.504841 90.921769 109.652597 93.070111 94.321601 58.717453 9.424642 43.953308 69.868528 88.995489 84.216436 48.461504 78.030609 31.572504 12.286193 94.035240 46.588157 54.648572 28.463018 47.041206 46.782424
60.506544 61.130245 72.062377 21.134083 71.991252 70.136650 63.888263 78.459329 3.521722 51.551770 17.606891 20.557388 0.000000 67.882937 79.394863 18.913847 27.795912 66.111790 79.553456 78.808229 64.218140 71.090823 60.871082 57.045036 47.736158 12.433683 21.084540 69.988188 23.891175 48.138932 45.698233 49.478221 72.177984 35.865090 50.238829 71.241069 19.358512 37.613416 67.249034 26.567584 79.641096 56.351003 28.503743 41.377394 68.934859 51.435421 53.332271 63.243775 11.662797 79.195790 18.470998 16.710786 82.136060 26.807875 68.748482 70.296581 23.417114 20.451633 69.202769 5.754438 76.810898 89.156808 76.339225 76.348802 43.794053 26.689605 23.733403 50.030161 69.139117 64.640167 29.218664 57.848307 14.148762 8.298947 79.159958 28.736071 35.427287 23.690360 30.153757 28.681924
30.774365 40.304635 11.146522 47.472345 36.876435 13.322899 32.465237 12.504491 64.364293 26.061113 55.034039 88.304638 67.882937 0.000000 40.560046 66.008337 80.433837 47.382783 37.209557 52.038696 11.201542 33.859546 15.269274 30.148163 36.494512 77.346621 54.362079 4.160097 59.768102 57.459393 45.005161 38.131533 31.650968 33.553592 58.652285 32.185110 51.424400 33.723210 16.302805 80.976280 50.537637 30.860579 64.868775 33.538088 53.603168 54.420751 69.830350 53.474620 72.401619 15.244647 86.281543 57.581947 38.175182 51.414460 11.626840 63.442476 58.461826 88.331984 64.786090 63.925290 55.390122 27.141394 40.897876 50.090908 59.284189 92.747103 46.665849 20.801889 11.481959 15.180870 41.445452 11.553228 61.451244 76.164798 52.627367 45.783182 43.067198 78.434375 54.862372 51.460368
69.480791 78.694112 51.265082 59.685105 77.224040 53.848371 71.875683 48.734295 76.467182 30.402552 74.758373 98.622540 79.394863 40.560046 0.000000 67.518367 77.538308 86.311226 77.713973 92.349350 30.683564 8.996016 29.127078 22.990961 31.660181 83.590804 58.951584 36.952687 59.794444 90.702071 35.434644 73.031132 72.148107 58.170943 41.094764 72.613016 71.021199 43.796534 56.731571 78.970764 90.960160 68.327573 89.958184 38.925542 22.418594 89.021216 50.145717 26.697387 88.533765 52.562584 94.890385 77.331310 5.379324 53.432891 28.936420 32.257637 81.817097 97.381017 34.480538 78.150678 95.335272 28.459197 81.404343 13.099128 46.157680 105.988110 56.077777 53.217380 52.036527 55.188025 64.620856 47.058618 67.067706 86.881529 92.939879 70.570409 44.045665 77.607751 52.518155 51.969639
67.403293 70.490474 72.813170 21.238647 79.511186 71.746835 71.055279 77.950360 18.543166 44.039998 30.648492 32.587176 18.913847 66.008337 67.518367 0.000000 14.974340 76.747355 86.139194 89.003350 59.465187 60.161526 55.316661 47.216420 36.958485 16.644524 11.680771 67.048355 7.725973 62.513667 32.128079 58.644290 78.378586 39.946737 32.945733 77.682587 30.046740 32.365997 69.901152 15.138321 89.385530 63.359304 45.660148 33.886217 53.434052 64.891305 34.644240 47.448431 30.553257 79.567942 28.214126 31.242032 71.130929 15.282850 63.633508 53.178270 38.880985 30.752829 51.818450 22.429997 88.001143 82.584898 84.288621 62.094512 26.249505 41.264371 20.016769 52.488817 70.344712 67.077993 36.317466 58.151710 7.156292 22.837963 89.438251 38.856132 25.069749 12.445316 15.013785 16.100692
82.211933 84.927901 87.601743 36.145087 94.286879 86.623579 85.846588 92.537083 29.139120 57.274143 43.358505 31.802998 27.795912 80.433837 77.538308 14.974340 0.000000 90.915783 101.025481 103.331560 73.261329 71.073458 68.940002 59.254682 48.978165 18.044520 26.480623 81.229595 20.700932 75.169639 42.566073 73.046811 93.280529 54.850317 38.526438 92.564380 43.520526 46.711917 84.847887 2.023525 103.817743 78.138752 56.294896 47.547894 60.383408 78.005878 35.613636 54.322666 37.935486 94.279718 26.850425 43.347755 81.694181 29.056276 77.246577 57.584253 50.694397 29.036719 55.750375 32.968705 102.060775 95.373199 99.021626 70.146424 32.192975 41.226853 34.961872 67.457520 85.190586 82.020222 50.819120 72.966712 21.437238 27.178677 103.747796 52.769796 38.197800 4.130787 26.634670 29.258159
16.849120 7.844510 39.562717 56.313023 14.472736 36.014219 14.962234 46.367338 63.416000 61.158183 48.552560 81.117019 66.111790 47.382783 86.311226 76.747355 90.915783 0.000000 21.779929 12.725653 55.709808 78.284502 57.349486 68.853500 68.851445 78.536754 67.359711 51.520511 74.713615 23.195317 75.338149 18.405524 19.597040 39.224773 88.827416 18.383942 47.585625 56.328028 31.765555 90.362108 13.849721 18.354097 43.940944 60.521623 93.420841 18.256309 98.439627 90.982335 62.471237 43.594973 81.829618 49.478124 84.819963 68.646349 58.242376 101.425053 43.986460 82.763881 101.978109 60.368230 11.369844 73.225710 15.236328 93.312516 85.963615 80.568575 59.280776 34.587522 37.206689 32.256739 40.557022 39.258161 69.715066 72.191924 13.055223 38.172059 66.400319 87.304419 74.376136 70.103591
19.075452 20.895582 26.525408 64.901205 8.289518 23.887215 15.677463 30.954548 76.389505 58.773529 62.286311 97.054623 79.553456 37.209557 77.713973 86.139194 101.025481 21.779929 0.000000 17.787187 47.898568 71.002896 51.064291 65.125979 68.379633 91.574300 75.265373 40.771826 82.312770 43.764999 76.217858 30.709122 7.805636 46.192919 90.348298 8.462716 60.196628 59.097471 21.632263 100.871338 15.579294 23.235467 62.245174 61.843880 89.705736 38.897699 101.014896 88.651002 78.477539 27.334543 96.917090 63.907297 75.014425 74.907441 48.822578 98.997125 60.160441 98.244533 100.040517 74.067608 22.821546 58.754424 6.855348 87.136459 89.047186 97.989544 66.641030 35.100786 25.741369 23.900624 50.842561 34.305142 79.657882 86.722931 18.289020 50.894725 69.879963 97.895098 80.056236 75.876458
24.661543 18.601464 42.380192 68.285959 15.162270 39.188604 21.379405 47.904130 76.078722 69.743409 61.230938 93.765926 78.808229 52.038696 92.349350 89.003350 103.331560 12.725653 17.787187 0.000000 61.768120 84.914110 64.170996 76.993182 78.284206 91.226966 79.274556 55.968361 86.608493 34.939411 85.323972 30.364685 20.551598 50.542138 99.135875 19.883380 60.159191 66.716228 35.735958 102.831763 2.434919 27.679466 56.334181 70.487307 101.793585 30.138370 109.139837 99.904665 75.145504 44.500511 94.536753 62.193084 90.206804 80.185649 63.531879 110.374592 56.689063 95.448113 111.123617 73.069297 5.504296 75.702935 11.671226 100.591072 96.747927 92.992649 71.005622 43.567131 40.801867 37.161812 52.697356 46.167144 82.032767 84.917250 0.590612 50.691906 77.142748 99.777617 85.810730 81.529839
38.861871 48.177307 22.318357 43.136856 46.700231 24.176593 41.194197 22.823587 60.771535 16.518269 53.767758 84.768842 64.218140 11.201542 30.683564 59.465187 73.261329 55.709808 47.898568 61.768120 0.000000 23.211380 4.618814 19.211884 26.654739 72.396730 48.117962 9.278110 52.615588 62.284754 35.113692 43.598273 41.804104 33.257549 48.302741 42.174706 49.963977 27.415858 26.426732 74.019789 60.457935 37.958568 66.027294 25.715611 42.407173 59.951079 59.494178 42.324875 70.371661 26.048818 82.204222 56.416894 29.173970 44.329144 4.573531 52.247250 58.745625 84.422592 53.610358 61.009620 64.658631 25.303461 51.036788 39.241484 49.544346 90.183920 41.369273 24.034769 22.261123 24.646034 40.980517 16.584362 55.816383 72.485660 62.358653 46.239754 35.127035 71.692727 46.929660 44.003181
61.525476 70.582003 44.903739 51.048025 69.886775 47.152534 64.098920 43.452382 68.077058 21.419129 65.879346 90.626365 71.090823 33.859546 8.996016 60.161526 71.073458 78.284502 71.002896 84.914110 23.211380 0.000000 20.938107 14.212436 23.543015 75.896887 50.991720 30.671983 52.451278 81.878577 28.519427 64.443912 65.015006 49.191786 36.597244 65.382543 62.125068 34.955888 49.626626 72.383010 83.644438 60.130317 80.978879 30.203064 22.058749 80.306906 46.712755 24.456237 79.943294 47.165644 87.047986 68.465783 11.078735 45.618768 22.410950 32.471842 72.855357 89.512385 34.362733 69.610383 87.645558 28.212408 74.247851 16.304813 40.768497 97.754010 47.577064 44.689345 45.272217 47.845831 55.626650 39.080209 59.176462 78.734757 85.504243 61.574520 35.983851 70.804807 45.288435 44.301688
40.589075 49.661810 26.180245 39.737795 49.260619 27.686167 43.203591 27.276943 57.467405 11.949698 51.325955 81.379037 60.871082 15.269274 29.127078 55.316661 68.940002 57.349486 51.064291 64.170996 4.618814 20.938107 0.000000 14.879419 22.036069 68.627867 44.095334 13.822488 48.345323 62.199884 30.496533 44.035981 44.616502 31.562013 43.740438 44.879078 47.493589 23.601208 29.441388 69.742540 62.991852 39.239154 64.390122 21.454745 38.738422 60.202160 54.933996 38.276977 67.532539 30.385126 78.658103 53.985717 28.419468 40.108624 8.321739 48.361299 56.834010 80.920188 49.628265 57.926856 66.762386 28.288813 53.770070 36.428702 44.926014 87.085403 37.678023 24.212327 25.752028 27.378917 39.026023 18.153479 51.921201 69.095010 64.759780 44.550691 30.754527 67.466903 42.511626 39.696002
52.622331 61.014689 40.984472 36.842170 62.496924 42.270189 55.655990 42.034216 53.975042 8.147003 51.774710 76.808037 57.045036 30.148163 22.990961 47.216420 59.254682 68.853500 65.125979 76.993182 19.211884 14.212436 14.879419 0.000000 10.313357 62.427560 37.353908 28.464795 39.622931 69.643521 17.526224 53.360495 58.273326 36.156645 29.498916 58.382444 48.048753 20.806562 43.556002 60.372927 76.044667 50.502453 67.169514 15.990628 24.807756 68.556862 40.627197 23.591101 65.742320 45.232605 73.384948 54.342736 25.139565 32.223026 21.349418 33.874560 58.955560 75.817573 34.986887 55.428089 79.026025 36.334352 67.218449 25.110797 31.666600 83.731661 33.432304 34.309194 40.340342 41.228916 42.049181 31.066468 45.564439 64.803098 77.573629 48.054125 22.387712 58.509361 32.771731 31.133579
53.623121 61.064419 46.489198 28.492642 64.582233 47.072454 56.995233 48.921298 44.835717 10.435261 44.501657 67.092382 47.736158 36.494512 31.660181 36.958485 48.978165 68.851445 68.379633 78.284206 26.654739 23.543015 22.036069 10.313357 0.000000 52.401189 27.448816 35.755773 29.333643 66.196528 8.515890 51.892726 61.028050 32.368037 22.359702 60.919348 40.971508 14.506934 47.429869 50.074286 77.639838 50.838313 60.757666 9.238223 26.022729 65.822815 33.453559 22.435778 57.090467 51.714495 63.508472 46.939966 34.620247 22.121262 29.808614 32.732307 52.376308 65.970346 33.151863 46.655474 79.631708 46.461834 69.491677 30.173774 22.902257 74.334617 24.614873 34.717225 45.212451 44.802580 36.749548 34.216353 35.637347 55.252954 78.845349 42.712725 12.443963 48.196389 22.459534 20.915748
72.500170 73.468209 82.528032 29.887620 84.138411 80.867955 75.946765 88.530152 15.254285 58.174033 30.001269 16.037463 12.433683 77.346621 83.590804 16.644524 18.044520 78.536754 91.574300 91.226966 72.396730 75.896887 68.627867 62.427560 52.401189 0.000000 25.101828 79.033364 24.109543 60.334349 48.416145 61.753461 84.099979 46.869804 49.406863 83.204439 31.476310 45.031599 78.275225 16.345597 92.038948 68.339741 39.910548 47.788838 70.078555 63.762998 49.830809 64.090723 20.372355 89.582979 11.569679 29.138097 86.950115 30.283166 76.802792 69.585222 35.638275 14.108431 68.125394 18.187488 89.243652 96.633005 88.559599 78.661287 42.684619 25.042958 31.035413 60.814747 79.732448 75.581630 40.863596 68.021626 16.918807 9.185786 91.581896 40.961919 40.045392 14.071660 31.400458 31.632733
56.801762 60.674277 61.155518 11.059424 68.947558 60.143112 60.483489 66.271830 18.771016 33.208659 25.181808 39.674317 21.084540 54.362079 58.951584 11.680771 26.480623 67.359711 75.265373 79.274556 48.117962 50.991720 44.095334 37.353908 27.448816 25.101828 0.000000 55.487404 7.354965 55.559597 24.631432 49.002393 67.470403 29.221196 30.265554 66.840446 23.254226 20.816831 58.407861 26.788280 79.475041 52.853608 41.926876 22.860711 47.898758 57.251502 35.668326 42.283646 31.805792 67.891942 36.065839 26.683055 62.068204 5.725557 52.380339 49.838305 34.056698 38.522497 48.950068 21.626268 78.714037 71.779893 73.808522 55.298538 24.361159 47.207219 8.637650 41.105361 58.716181 55.573792 26.893633 46.503782 8.210655 28.025609 79.738921 30.621653 15.016443 24.125839 9.955962 7.624804
34.932361 44.462944 14.326495 49.270295 40.813249 16.959697 36.590431 13.588483 66.482410 25.443339 57.806671 90.495846 69.988188 4.160097 36.952687 67.048355 81.229595 51.520511 40.771826 55.968361 9.278110 30.671983 13.822488 28.464795 35.755773 79.033364 55.487404 0.000000 60.528664 61.451773 44.252616 42.157166 35.503385 36.437987 57.561282 36.089836 54.128010 34.685521 20.266752 81.869211 54.416131 35.001911 68.260292 33.860693 51.083144 58.483296 68.754464 51.355032 75.017579 16.956177 88.290663 60.391825 34.333991 52.175688 8.264657 61.106860 61.638879 90.400830 62.559178 66.255411 59.414050 23.172492 44.724401 46.971145 58.656827 95.246565 48.118087 24.324274 15.216985 19.289127 44.355571 15.184287 62.841231 78.286194 56.555639 48.947683 43.401562 79.416578 55.247165 52.056319
63.984166 68.007147 67.212623 18.412896 76.128265 66.419178 67.670821 71.936219 22.491259 36.829430 31.609182 39.842051 23.891175 59.768102 59.794444 7.725973 20.700932 74.713615 82.312770 86.608493 52.615588 52.451278 48.345323 39.622931 29.333643 24.109543 7.354965 60.528664 0.000000 62.604184 24.420243 56.351968 74.509367 36.427904 26.413357 73.913214 30.078592 26.067300 64.930398 21.404320 86.789577 60.071078 47.910644 26.904804 46.145076 64.438260 29.951900 40.229183 35.399974 73.780649 35.644214 32.806960 63.410523 8.358926 56.664352 46.582776 40.371141 38.178924 45.396557 25.987940 86.068683 75.246394 81.010805 54.554937 19.907239 48.218258 15.741397 47.837586 64.913555 62.084722 34.242515 52.658737 9.783912 29.309200 87.075218 37.845089 17.729249 19.156724 7.315620 8.688807
30.025512 23.190974 53.428848 45.049942 35.593950 49.955748 31.118792 61.059124 46.156559 61.498711 31.941262 60.104170 48.138932 57.459393 90.702071 62.513667 75.169639 23.195317 43.764999 34.939411 62.284754 81.878577 62.199884 69.643521 66.196528 60.334349 55.559597 61.451773 62.604184 0.000000 70.561405 19.367824 39.186668 33.870962 82.305452 37.889042 32.627754 51.846628 45.436386 74.231087 36.581384 27.817796 22.005661 56.987866 92.195588 4.948326 90.234291 88.436234 41.977316 59.333101 61.540590 31.827982 90.577361 58.583961 66.015234 98.383227 24.723707 62.104421 98.386042 42.517034 31.295860 84.598863 37.860366 94.709290 77.953242 58.422712 49.059724 38.250069 50.380668 44.488211 30.419674 46.534361 55.388358 52.754761 35.092989 25.271044 59.709022 71.220342 64.423828 60.444249
60.732716 67.652143 54.914409 28.979967 72.034241 55.390289 64.211733 57.437057 43.211424 18.944078 45.712253 63.836340 45.698233 45.005161 35.434644 32.128079 42.566073 75.338149 76.217858 85.323972 35.113692 28.519427 30.496533 17.526224 8.515890 48.416145 24.631432 44.252616 24.420243 70.561405 0.000000 57.788401 68.742720 37.340768 14.141896 68.560298 42.538893 19.196964 55.553375 43.863605 84.815819 57.687787 62.566088 14.849884 23.739321 70.705650 25.074466 18.672357 56.059588 60.217697 59.861102 47.916491 39.269374 18.908108 38.117299 27.959625 54.174154 62.380352 27.834170 45.650951 86.343736 53.771152 76.984916 30.669859 14.438203 71.726444 24.622681 41.900625 53.550324 52.871678 40.314113 42.290750 32.366847 52.543689 85.873374 46.015628 11.575806 42.315674 17.114299 17.138278
12.668777 11.884357 34.338416 37.975053 22.743402 30.957695 15.277313 42.009422 46.500263 45.321957 31.947730 66.376371 49.478221 38.131533 73.031132 58.644290 73.046811 18.405524 30.709122 30.364685 43.598273 64.443912 44.035981 53.360495 51.892726 61.753461 49.002393 42.157166 56.351968 19.367824 57.788401 0.000000 24.043253 20.965341 70.954200 22.899364 30.312883 38.610599 26.515375 72.604834 30.771589 9.255615 32.332795 43.145360 77.268091 16.408118 80.300206 74.289896 47.772541 40.577470 66.382228 33.375401 72.421273 50.246029 47.089330 84.625033 29.479751 67.632483 84.991753 43.849094 29.775272 65.271762 26.892762 78.381828 67.804528 67.358528 40.877633 19.828329 31.223202 25.304441 22.332860 27.424213 51.696895 56.298184 30.807411 20.797757 48.330412 69.558500 55.988367 51.719912
11.736614 16.036916 21.836694 57.144160 5.667212 18.646065 8.775970 27.695135 68.964070 51.630431 55.068532 90.053494 72.177984 31.650968 72.148107 78.378586 93.280529 19.597040 7.805636 20.551598 41.804104 65.015006 44.616502 58.273326 61.028050 84.099979 67.470403 35.503385 74.509367 39.186668 68.742720 24.043253 0.000000 38.433659 82.851746 1.303138 52.826018 51.389304 15.421597 93.148274 18.916258 15.856766 56.179693 54.258184 82.996339 34.530922 93.440538 81.680525 71.583216 24.543754 89.742951 56.797246 69.813336 67.104893 43.231847 92.082425 53.471603 91.142366 93.044788 66.758766 24.503783 55.333384 9.256300 80.962175 81.406019 91.366023 58.843464 27.368232 20.296291 17.239119 43.282808 27.237698 71.935802 79.487706 21.132937 43.645084 62.165319 90.180862 72.267752 68.082185
27.581540 32.021631 36.308452 18.710522 39.726872 34.277895 31.262362 43.008277 32.395103 28.089252 21.498883 55.691698 35.865090 33.553592 58.170943 39.946737 54.850317 39.224773 46.192919 50.542138 33.257549 49.191786 31.562013 36.156645 32.368037 46.869804 29.221196 36.437987 36.427904 33.870962 37.340768 20.965341 38.433659 0.000000 50.130300 37.738133 17.969466 18.222508 31.439278 54.747962 50.559463 23.643301 32.840912 23.209048 58.336209 33.501044 59.338482 54.714060 38.977706 43.465739 54.270362 24.030399 58.830264 29.655409 37.703928 64.816815 25.505673 56.092613 64.971747 31.202178 50.552974 58.291736 44.590202 61.050256 46.841349 59.433318 20.688724 14.191046 33.324832 28.792210 7.917635 22.570161 33.551378 43.916080 51.035812 13.006007 27.414845 51.800863 35.271587 30.990531
74.627584 81.234458 68.829378 38.230714 86.059663 69.427417 78.149025 70.963098 48.549709 32.709816 54.665855 65.438404 50.238829 58.652285 41.094764 32.945733 38.526438 88.827416 90.348298 99.135875 48.302741 36.597244 43.740438 29.498916 22.359702 49.406863 30.265554 57.561282 26.413357 82.305452 14.141896 70.954200 82.851746 50.130300 0.000000 82.650783 52.044100 32.508530 69.678510 40.258762 98.702126 71.459630 71.676525 28.724366 21.891737 82.933720 11.193778 15.870025 61.601702 73.896880 60.902288 56.495814 45.915862 25.248757 50.822097 20.238294 63.499189 63.427025 18.983307 51.741023 99.953587 64.151369 91.021573 31.964970 6.723753 74.209646 33.857224 55.881854 67.570793 67.006011 51.898566 56.421600 36.090292 55.594572 99.677800 57.180447 22.781675 39.661120 20.369952 23.167523
10.741895 14.734662 22.603275 56.444063 4.782476 19.329746 7.622561 28.650480 68.046236 51.629522 54.075162 89.008650 71.241069 32.185110 72.613016 77.682587 92.564380 18.383942 8.462716 19.883380 42.174706 65.382543 44.879078 58.382444 60.919348 83.204439 66.840446 36.089836 73.913214 37.889042 68.560298 22.899364 1.303138 37.738133 82.650783 0.000000 51.883786 51.034390 15.896135 92.408629 18.357695 14.890979 54.976422 54.009968 83.139338 33.229148 93.185443 81.730097 70.511503 25.571401 88.742773 55.773584 70.360278 66.574482 43.726821 92.148888 52.354736 90.122734 93.080025 65.797244 23.647888 56.202927 8.891020 81.268538 81.102853 90.246238 58.222784 27.008562 20.919782 17.543369 42.423891 27.318204 71.195167 78.504311 20.469545 42.657856 61.798166 89.432709 71.784850 67.584376
41.148212 42.101282 54.081609 13.842959 52.674748 51.834368 44.535403 60.930923 16.229862 40.857749 3.838770 38.103643 19.358512 51.424400 71.021199 30.046740 43.520526 47.585625 60.196628 60.159191 49.963977 62.125068 47.493589 48.048753 40.971508 31.476310 23.254226 54.128010 30.078592 32.627754 42.538893 30.312883 52.826018 17.969466 52.044100 51.883786 0.000000 27.265101 48.615680 42.858247 60.828795 36.993216 20.028035 32.354671 66.024030 34.845757 58.706127 61.207762 21.009884 61.241651 37.169688 6.497925 72.655624 27.068702 54.520764 70.197773 11.638462 38.780962 69.736453 13.981922 58.614490 75.259293 57.083722 71.145268 46.861842 41.468854 18.265205 31.968225 51.024476 46.130851 10.386190 40.539626 22.891233 26.811834 60.545987 9.522326 30.966087 39.799558 32.696919 29.086686
42.364942 48.726433 41.356845 16.621153 54.087447 40.845744 45.957669 45.872267 34.308265 14.109406 30.973070 57.991970 37.613416 33.723210 43.796534 32.365997 46.711917 56.328028 59.097471 66.716228 27.415858 34.955888 23.601208 20.806562 14.506934 45.031599 20.816831 34.685521 26.067300 51.846628 19.196964 38.610599 51.389304 18.222508 32.508530 51.034390 27.265101 0.000000 39.878122 47.261907 66.367859 39.043270 46.658198 5.308404 40.499962 51.703960 42.453753 36.589951 45.355147 47.784154 55.121502 33.536409 45.673531 17.733641 31.780041 46.613292 38.348760 57.416038 46.749271 35.249043 67.445915 51.741857 59.070651 44.321454 30.160439 64.144262 14.102845 24.027255 39.233864 37.044775 22.249901 27.032550 28.401200 45.737164 67.251155 28.228586 10.784630 44.755772 21.748101 17.974927
16.049260 25.305997 8.111222 49.215829 20.573688 4.544719 16.848694 15.638639 63.802079 37.496424 51.651762 86.717734 67.249034 16.302805 56.731571 69.901152 84.847887 31.765555 21.632263 35.735958 26.426732 49.626626 29.441388 43.556002 47.429869 78.275225 58.407861 20.266752 64.930398 45.436386 55.553375 26.515375 15.421597 31.439278 69.678510 15.896135 48.615680 39.878122 0.000000 85.011433 34.253830 17.618606 57.420876 41.760302 68.078163 41.635359 80.581540 67.122622 69.144363 14.082663 85.574431 53.870111 54.473603 56.948779 27.831436 77.428877 52.605137 87.309542 78.519655 62.381914 39.159299 41.471689 24.676878 65.643740 68.988443 89.592843 49.887845 17.546893 5.445164 2.848381 38.262875 13.269604 64.141304 75.195746 36.324689 40.727922 50.520465 82.188787 61.539884 57.572030
81.992682 84.489174 87.941949 36.082271 94.034484 86.884706 85.611088 93.005273 28.103955 58.156896 42.528923 29.821391 26.567584 80.976280 78.970764 15.138321 2.023525 90.362108 100.871338 102.831763 74.019789 72.383010 69.742540 60.372927 50.074286 16.345597 26.788280 81.869211 21.404320 74.231087 43.863605 72.604834 93.148274 54.747962 40.258762 92.408629 42.858247 47.261907 85.011433 0.000000 103.363259 77.899495 55.063760 48.308610 62.083615 77.163284 37.570900 56.015436 36.426912 94.674857 24.870685 42.405430 83.063854 29.716413 78.059156 59.444108 49.665092 27.039003 57.631425 31.872929 101.459395 96.392444 98.735899 71.771729 33.859548 39.243223 35.143691 67.564901 85.482376 82.192872 50.459696 73.284760 21.213560 25.518475 103.239974 52.191524 39.050963 3.059072 27.648210 30.050602
24.083596 18.897816 40.666483 68.533503 13.758171 37.551292 20.644659 45.990989 76.847039 68.914065 62.039790 94.954920 79.641096 50.537637 90.960160 89.385530 103.817743 13.849721 15.579294 2.434919 60.457935 83.644438 62.991852 76.044667 77.639838 92.038948 79.475041 54.416131 86.789577 36.581384 84.815819 30.771589 18.916258 50.559463 98.702126 18.357695 60.828795 66.367859 34.253830 103.363259 0.000000 27.352938 57.741103 70.005527 100.852408 31.721851 108.819751 99.094665 76.297558 42.530186 95.614230 63.092286 88.711243 80.213414 62.084131 109.558324 57.789137 96.579172 110.355059 73.917380 7.935141 73.818949 9.793574 99.420102 96.469764 94.387890 71.129680 42.955384 39.212492 35.814170 53.069840 45.095688 82.463081 85.902043 2.811520 51.326786 76.881435 100.314008 85.786959 81.508992
4.160445 10.527733 25.632797 42.169203 16.152399 22.140710 7.711812 33.245447 53.164490 42.846414 39.213309 74.246372 56.351003 30.860579 68.327573 63.359304 78.138752 18.354097 23.235467 27.679466 37.958568 60.130317 39.239154 50.502453 50.838313 68.339741 52.853608 35.001911 60.071078 27.817796 57.687787 9.255615 15.856766 23.643301 71.459630 14.890979 36.993216 39.043270 17.618606 77.899495 27.352938 0.000000 41.418872 42.840559 75.105908 24.100072 81.483514 72.790566 55.845141 31.567389 73.888921 40.965732 67.129289 53.143965 40.904168 83.251283 37.950132 75.301167 83.875365 50.909178 28.801470 57.770086 20.959945 74.993357 69.119326 75.801034 44.330969 16.283975 22.631352 16.799365 27.642061 21.374526 56.711830 63.630992 28.219060 27.788865 49.528532 74.897903 58.614603 54.348801
45.001535 41.512925 64.478245 33.741281 53.983920 61.499231 47.421656 72.005589 27.463616 59.559771 17.028055 38.125481 28.503743 64.868775 89.958184 45.660148 56.294896 43.940944 62.245174 56.334181 66.027294 80.978879 64.390122 67.169514 60.757666 39.910548 41.926876 68.260292 47.910644 22.005661 62.566088 32.332795 56.179693 32.840912 71.676525 54.976422 20.028035 46.658198 57.420876 55.063760 57.741103 41.418872 0.000000 51.894393 86.029429 26.398177 77.563836 81.235673 20.362535 71.326221 39.769997 15.247814 91.133802 46.460576 70.411972 90.168245 8.409160 40.200541 89.652836 23.521001 53.100876 90.805864 57.275343 90.890821 66.169790 36.658536 38.171880 44.075555 61.264963 55.556683 25.513158 53.329271 39.024275 31.602471 56.551001 19.839862 50.992070 52.193663 51.789818 48.530783
45.923305 52.816065 42.240203 20.869448 57.345604 42.175820 49.429711 45.975254 38.205932 10.386042 36.007545 61.474956 41.377394 33.538088 38.925542 33.886217 47.547894 60.521623 61.843880 70.487307 25.715611 30.203064 21.454745 15.990628 9.238223 47.788838 22.860711 33.860693 26.904804 56.987866 14.849884 43.145360 54.258184 23.209048 28.724366 54.009968 32.354671 5.308404 41.760302 48.308610 70.005527 42.840559 51.894393 0.000000 35.259007 56.703537 39.182365 31.505272 49.772215 48.252521 58.325923 38.531953 41.084737 18.654498 29.776483 41.652631 43.559647 60.693303 41.898904 39.496944 71.499313 48.919965 62.312605 39.035236 27.272134 68.048522 17.647555 27.159784 40.441569 38.986038 27.551397 28.562478 30.900905 49.319323 71.035006 33.535170 9.549704 46.012898 21.389908 18.290689
77.365828 85.576546 64.723647 52.649729 87.293120 66.413711 80.443557 64.449456 66.651394 32.262925 69.311881 85.961782 68.934859 53.603168 22.418594 53.434052 60.383408 93.420841 89.705736 101.793585 42.407173 22.058749 38.738422 24.807756 26.022729 70.078555 47.898758 51.083144 46.145076 92.195588 23.739321 77.268091 82.996339 58.336209 21.891737 83.139338 66.024030 40.499962 68.078163 62.083615 100.852408 75.105908 86.029429 35.259007 0.000000 91.699658 28.804855 6.077380 79.616205 67.998944 81.648178 71.573374 27.772021 42.214486 42.988958 10.413155 77.620770 84.186875 12.369738 69.262724 103.751128 49.727722 91.992848 10.628320 28.241594 94.333966 48.329899 58.834941 64.480804 65.859200 62.689071 55.842100 55.134967 75.286937 102.373257 68.608292 35.211433 61.343797 39.084059 40.275362
25.900090 18.495377 49.703209 46.468692 30.767027 46.177124 26.682774 57.271592 49.233010 60.420541 34.647679 64.332128 51.435421 54.420751 89.021216 64.891305 78.005878 18.256309 38.897699 30.138370 59.951079 80.306906 60.202160 68.556862 65.822815 63.762998 57.251502 58.483296 64.438260 4.948326 70.705650 16.408118 34.530922 33.501044 82.933720 33.229148 34.845757 51.703960 41.635359 77.163284 31.721851 24.100072 26.398177 56.703537 91.699658 0.000000 91.294698 88.207343 45.990260 55.365989 65.561343 34.856503 88.620950 59.869182 63.491554 98.313909 28.166915 66.233437 98.438092 45.733720 26.704815 81.534348 32.932650 93.667659 78.900422 62.990474 50.269647 36.024425 46.728744 40.894755 31.181025 43.831845 57.736536 56.499873 30.313572 26.639045 60.189994 74.127740 65.736428 61.648583
84.811985 90.984976 79.942622 45.293525 96.441454 80.464105 88.389871 82.154128 52.320959 43.848911 60.839406 65.638783 53.332271 69.830350 50.145717 34.644240 35.613636 98.439627 101.014896 109.139837 59.494178 46.712755 54.933996 40.627197 33.453559 49.830809 35.668326 68.754464 29.951900 90.234291 25.074466 80.300206 93.440538 59.338482 11.193778 93.185443 58.706127 42.453753 80.581540 37.570900 108.819751 81.483514 77.563836 39.182365 28.804855 91.294698 0.000000 23.539861 64.985850 85.074069 60.822611 62.334792 55.241953 31.740607 61.970248 22.969738 69.721051 63.258447 20.838330 55.913095 109.681083 74.665969 101.419027 39.426207 12.499219 74.847787 41.179047 66.260501 78.621493 77.875842 60.115624 67.312179 39.578602 57.302897 109.669799 64.963327 32.047970 37.836011 26.011727 29.816706
75.307507 83.157353 64.457219 47.634335 85.708535 65.845916 78.526813 64.904675 61.054660 30.181938 64.380197 80.005587 63.243775 53.474620 26.697387 47.448431 54.322666 90.982335 88.651002 99.904665 42.324875 24.456237 38.276977 23.591101 22.435778 64.090723 42.283646 51.355032 40.229183 88.436234 18.672357 74.289896 81.680525 54.714060 15.870025 81.730097 61.207762 36.589951 67.122622 56.015436 99.094665 72.790566 81.235673 31.505272 6.077380 88.207343 23.539861 0.000000 74.071473 68.301539 75.658656 66.566541 31.894414 36.647308 43.542642 10.471320 72.840723 78.196878 11.397892 63.777509 101.569692 52.648419 90.507609 16.206222 22.166883 88.444041 43.255165 56.523907 63.914073 64.751850 58.526455 54.444094 49.345883 69.446049 100.476933 64.355605 30.248112 55.266475 33.248589 34.664231
59.876899 58.666551 74.944468 28.903156 70.482558 72.567686 62.921947 81.891988 13.078920 59.460064 17.585748 18.697660 11.662797 72.401619 88.533765 30.553257 37.935486 62.471237 78.477539 75.145504 70.371661 79.943294 67.532539 65.742320 57.090467 20.372355 31.805792 75.017579 35.399974 41.977316 56.059588 47.772541 71.583216 38.977706 61.601702 70.511503 21.009884 45.355147 69.144363 36.426912 76.297558 55.845141 20.362535 49.772215 79.616205 45.990260 64.985850 74.071473 0.000000 82.093903 19.575021 15.274962 90.856946 37.425687 74.945135 81.518801 18.552750 20.310787 80.512092 10.458883 72.429874 95.648879 74.394504 86.501555 55.251755 20.505287 32.486903 52.893427 71.848041 66.769428 31.276917 61.547100 25.616296 11.475293 75.425735 28.507163 45.179892 33.817952 41.334158 39.411635
