NAME : Random_TSP_Instance
TYPE : TSP
DIMENSION : 20
EDGE_WEIGHT_TYPE : EXPLICIT
EDGE_WEIGHT_FORMAT : FULL_MATRIX
NODE_COORD_TYPE : NO_COORDS
DISPLAY_DATA_TYPE: TWOD_DISPLAY
EDGE_WEIGHT_SECTION
0.000000 46.569122 59.743228 22.269601 42.766234 74.403484 96.058197 16.331941 22.092938 78.135283 54.672075 55.316338 86.307574 40.115323 53.131916 20.234855 61.064537 36.290915 17.765553 80.751504
46.569122 0.000000 13.186305 54.363567 44.213466 76.473881 90.415466 61.726732 24.567244 82.785736 8.170450 45.612815 74.046805 66.531288 8.918814 55.301738 84.764269 64.177782 64.318920 61.427862
59.743228 13.186305 0.000000 66.832101 53.149011 82.558513 93.700116 74.890261 37.753073 89.167212 5.381617 51.449185 76.218032 77.853302 9.956835 67.598171 95.005601 75.790478 77.498500 62.145678
22.269601 54.363567 66.832101 0.000000 29.030805 54.726848 77.375563 19.032993 32.519658 57.591884 61.450763 42.846411 70.413933 17.874282 58.002484 41.666450 38.929375 14.086869 25.729167 68.200332
42.766234 44.213466 53.149011 29.030805 0.000000 35.027970 54.394787 47.222095 35.259071 40.474636 48.341273 13.815914 43.541471 29.030333 43.193031 62.460409 42.388133 28.749898 53.463694 39.332318
74.403484 76.473881 82.558513 54.726848 35.027970 0.000000 23.157114 73.408880 70.261404 6.811592 78.633874 31.152939 24.573790 41.936475 73.030244 94.636874 35.892160 44.865854 80.204433 34.511266
96.058197 90.415466 93.700116 77.375563 54.394787 23.157114 0.000000 96.239226 89.049487 23.288159 90.731308 45.835043 18.431156 65.092662 85.137203 116.190758 57.020160 68.006205 103.016794 33.819863
16.331941 61.726732 74.890261 19.032993 47.222095 73.408880 96.239226 0.000000 37.219435 75.833654 69.667269 60.928505 89.395637 33.438579 67.503115 28.240666 52.498047 29.744689 6.800059 86.552951
22.092938 24.567244 37.753073 32.519658 35.259071 70.261404 89.049487 37.219435 0.000000 75.484412 32.616855 43.935839 75.923834 47.847411 31.097350 34.376926 68.215534 44.733576 39.792944 67.111074
78.135283 82.785736 89.167212 57.591884 40.474636 6.811592 23.288159 75.833654 75.484412 0.000000 85.164673 37.720255 29.261367 43.263667 79.578196 98.340064 33.755501 46.537623 82.626737 40.615405
54.672075 8.170450 5.381617 61.450763 48.341273 78.633874 90.731308 69.667269 32.616855 85.164673 0.000000 47.481336 73.598912 72.592816 5.640419 63.296887 89.966316 70.485282 72.404526 60.006641
55.316338 45.612815 51.449185 42.846411 13.815914 31.152939 45.835043 60.928505 43.935839 37.720255 47.481336 0.000000 32.028667 40.986775 41.877867 74.373970 50.140718 41.404994 67.067099 25.699683
86.307574 74.046805 76.218032 70.413933 43.541471 24.573790 18.431156 89.395637 75.923834 29.261367 73.598912 32.028667 0.000000 61.873290 68.089264 105.889962 60.003528 63.972367 95.968257 15.389672
40.115323 66.531288 77.853302 17.874282 29.030333 41.936475 65.092662 33.438579 47.847411 43.263667 72.592816 40.986775 61.873290 0.000000 68.248765 59.101243 21.118291 3.861317 40.103702 63.532389
53.131916 8.918814 9.956835 58.002484 43.193031 73.030244 85.137203 67.503115 31.097350 79.578196 5.640419 41.877867 68.089264 68.248765 0.000000 63.468232 85.111194 66.316721 70.703040 54.673701
20.234855 55.301738 67.598171 41.666450 62.460409 94.636874 116.190758 28.240666 34.376926 98.340064 63.296887 74.373970 105.889962 59.101243 63.468232 0.000000 79.520411 55.240238 24.010826 99.328122
61.064537 84.764269 95.005601 38.929375 42.388133 35.892160 57.020160 52.498047 68.215534 33.755501 89.966316 50.140718 60.003528 21.118291 85.111194 79.520411 0.000000 24.844831 58.731454 66.625603
36.290915 64.177782 75.790478 14.086869 28.749898 44.865854 68.006205 29.744689 44.733576 46.537623 70.485282 41.404994 63.972367 3.861317 66.316721 55.240238 24.844831 0.000000 36.452087 64.793523
17.765553 64.318920 77.498500 25.729167 53.463694 80.204433 103.016794 6.800059 39.792944 82.626737 72.404526 67.067099 95.968257 40.103702 70.703040 24.010826 58.731454 36.452087 0.000000 92.747565
80.751504 61.427862 62.145678 68.200332 39.332318 34.511266 33.819863 86.552951 67.111074 40.615405 60.006641 25.699683 15.389672 63.532389 54.673701 99.328122 66.625603 64.793523 92.747565 0.000000
EOF
