NAME : Random_TSP_Instance
TYPE : TSP
DIMENSION : 10
EDGE_WEIGHT_TYPE : EXPLICIT
EDGE_WEIGHT_FORMAT : FULL_MATRIX
NODE_COORD_TYPE : NO_COORDS
DISPLAY_DATA_TYPE: TWOD_DISPLAY
EDGE_WEIGHT_SECTION
0.000000 53.539814 47.677117 101.333454 28.622139 86.644685 92.073299 5.931448 81.920650 41.472598
53.539814 0.000000 45.694295 79.095703 57.101579 79.840480 104.608621 59.461357 65.444434 69.028535
47.677117 45.694295 0.000000 53.751349 26.442275 40.927879 59.198852 51.167749 34.246557 30.336478
101.333454 79.095703 53.751349 0.000000 78.324954 26.892221 62.011405 104.917680 19.730093 75.548128
28.622139 57.101579 26.442275 78.324954 0.000000 59.981410 63.652074 29.680823 58.606822 14.255501
86.644685 79.840480 40.927879 26.892221 59.981410 0.000000 36.332858 89.040816 17.658644 53.593055
92.073299 104.608621 59.198852 62.011405 63.652074 36.332858 0.000000 92.144358 52.918039 50.846810
5.931448 59.461357 51.167749 104.917680 29.680823 89.040816 92.144358 0.000000 85.349137 41.297683
81.920650 65.444434 34.246557 19.730093 58.606822 17.658644 52.918039 85.349137 0.000000 56.413495
41.472598 69.028535 30.336478 75.548128 14.255501 53.593055 50.846810 41.297683 56.413495 0.000000
EOF
