NAME : Random_TSP_Instance
TYPE : TSP
DIMENSION : 100
EDGE_WEIGHT_TYPE : EXPLICIT
EDGE_WEIGHT_FORMAT : FULL_MATRIX
NODE_COORD_TYPE : NO_COORDS
DISPLAY_DATA_TYPE: TWOD_DISPLAY
EDGE_WEIGHT_SECTION
0.000000 63.348366 36.847271 97.673122 20.088004 62.810881 80.446904 56.620227 13.121985 57.126180 64.215778 41.684518 48.003553 84.148445 49.892390 44.795761 12.332048 30.196791 12.493657 69.461299 37.453535 65.520027 67.799634 69.627783 3.081058 86.994599 53.403114 38.604666 69.272260 63.944931 26.825269 71.573632 87.833627 43.802396 22.889141 48.438475 35.953511 87.598985 52.269893 58.216852 24.928706 63.238280 84.572742 35.905637 63.152578 22.733355 72.364013 48.682401 38.711700 24.922368 31.001110 51.321399 89.683899 34.075640 76.444634 22.319237 41.936132 81.711101 82.257512 91.085981 79.302452 71.918231 4.744197 79.780282 13.164841 26.500563 61.135938 32.451835 29.709699 80.697502 18.645769 62.161864 67.141040 42.178107 58.819146 32.771809 73.713081 42.908718 55.745275 93.257229 57.208953 73.167126 8.613551 53.829038 24.533267 32.529356 44.925284 48.721597 64.506835 69.440190 40.829808 89.354486 77.640451 33.432789 39.783351 70.717976 69.635481 42.100590 40.680070 86.654652
63.348366 0.000000 51.670127 41.942683 49.375155 76.305137 17.538870 66.072303 55.318492 71.498482 79.382777 25.659106 21.689553 27.039809 15.052317 39.995548 74.732622 58.504893 73.692550 29.306940 76.582308 69.769976 17.863223 84.355824 66.410455 24.801578 12.560775 43.857550 18.144174 4.551193 76.676558 66.571446 25.845176 70.625426 58.997287 14.913893 45.343036 25.021844 21.864024 49.234862 44.955649 84.492229 21.647091 32.444219 3.919931 80.451202 9.691353 35.547367 53.608177 41.759715 70.047465 45.469114 28.727609 44.850846 58.832133 59.073341 21.448917 21.735884 39.921813 46.214458 33.833065 10.596864 60.332469 16.465121 60.281121 38.519416 34.238097 50.664347 79.655324 17.860119 62.211171 37.002323 74.367737 77.718819 64.258710 35.719519 33.097348 68.388816 80.897683 53.566188 17.488354 15.129334 68.726005 26.168290 38.821698 31.387989 32.682925 82.285466 75.961601 55.449517 64.886539 47.396314 19.204354 66.247185 59.977792 37.516148 13.911987 67.538433 23.634937 29.649279
36.847271 51.670127 0.000000 71.770849 43.067893 30.777279 64.344143 21.927380 23.887199 24.821726 33.217420 45.233780 49.887231 78.357448 45.763260 13.708693 47.926663 58.595617 38.531799 72.518584 25.892768 30.148893 65.045144 38.935309 38.428150 75.906681 39.115335 7.885454 66.111610 54.767366 63.095825 34.920258 69.035858 19.085050 52.985955 40.257358 6.509619 75.792823 31.073333 22.125773 16.071126 35.839124 72.152898 44.576225 53.790251 59.473858 61.168019 60.307926 2.629889 20.074270 20.807186 68.121221 69.303938 7.765908 39.982191 52.565156 35.602979 61.682583 51.934018 93.887554 80.787151 62.253343 32.130936 66.271798 24.463412 23.243419 30.684556 55.845043 66.153124 64.401809 51.348702 30.453871 32.880854 26.224268 23.076702 43.942373 44.693793 16.874615 30.525069 60.336501 56.642230 66.159382 45.460726 59.000272 29.782482 36.007886 19.590142 30.624490 31.685650 32.959026 13.307783 57.720903 57.278426 15.723559 8.520051 77.750981 50.109594 15.974753 31.171367 81.016767
97.673122 41.942683 71.770849 0.000000 88.223777 82.266032 28.226550 74.027971 86.530469 79.990064 85.243659 66.698726 63.515987 50.625739 56.222449 58.219408 109.922608 99.436065 105.372670 66.133453 96.938789 72.478816 54.803720 88.240292 100.492635 38.885940 46.047008 64.914588 54.093015 44.966178 115.924081 64.271604 20.678308 86.710000 98.857533 53.391095 67.580314 37.271624 45.428996 55.434731 74.115576 92.399009 35.563279 73.093200 44.994598 117.916183 39.338441 77.417907 72.332523 72.941145 92.565990 87.176880 16.567702 68.423806 50.891908 98.834412 58.593471 20.595669 22.582688 73.687269 65.598959 42.100335 93.648464 33.508837 90.369685 71.192158 41.253541 91.896057 119.055893 27.778841 101.222224 42.073202 77.042989 95.872180 70.548439 76.046641 27.386999 84.696295 92.273873 26.896374 58.890070 46.855171 104.703941 67.741884 74.490608 69.611103 54.444731 97.988622 80.756699 52.846244 82.046313 22.591556 22.774194 87.294139 77.625726 74.659950 29.745213 84.201572 58.057149 51.652525
20.088004 49.375155 43.067893 88.223777 0.000000 73.151682 66.913848 64.951212 23.291138 67.162690 75.204204 24.625920 30.537327 66.559142 34.563519 45.061956 27.849540 15.597992 32.577806 50.208112 53.471277 73.183329 50.081307 80.907362 22.747876 71.041632 42.184670 40.939308 51.591228 48.844177 27.707478 76.895205 75.083407 56.393782 11.330691 35.278020 39.136898 71.884442 44.916277 60.423386 27.099830 75.998789 69.244056 17.925311 48.211024 31.226578 57.332123 28.728038 45.569056 23.784805 46.165255 31.429233 77.601908 37.029277 78.238518 11.132913 29.639335 69.957643 76.728482 71.453790 60.085527 56.315057 20.464644 65.170376 27.468426 22.155362 57.749040 13.761295 30.832133 67.234254 13.014784 59.564078 75.911480 57.518422 66.085324 14.468313 67.912977 54.891121 69.086769 89.323908 39.573299 56.505138 21.392985 34.799131 15.827599 18.624888 41.881203 64.037352 74.363563 71.635822 51.937111 84.445876 66.365919 46.584251 49.157815 50.843102 58.676581 53.941535 30.561389 68.929503
62.810881 76.305137 30.777279 82.266032 73.151682 0.000000 84.713506 10.262300 51.467658 5.998742 3.139044 75.268775 79.326947 103.253960 74.078739 37.084846 71.399635 88.420349 59.360883 100.960819 30.910271 10.315565 92.101396 8.336257 63.368842 98.258945 64.511268 36.050717 92.944177 80.199372 89.586847 20.282730 86.832348 19.729929 82.265867 67.984517 36.390006 97.734458 54.457601 28.482972 46.661137 10.239947 94.054481 75.194188 79.254007 83.726250 84.882846 90.767711 28.150334 50.820977 33.724516 98.840533 85.744544 38.180459 33.764781 81.792819 64.552028 79.434811 59.705958 121.397080 108.380979 86.636756 58.567558 88.105515 49.682206 54.012251 45.017367 86.322320 92.366767 84.630624 79.809652 42.907167 7.142789 26.299300 12.406269 74.691977 56.244074 20.094639 13.266819 61.459693 85.007761 91.426022 70.962387 88.573634 60.549161 66.564819 44.510915 23.166370 2.407672 29.711027 21.996742 61.974352 75.419749 29.702766 24.008093 106.978222 70.141945 20.813039 59.942630 105.811903
80.446904 17.538870 64.344143 28.226550 66.913848 84.713506 0.000000 74.849411 71.640001 80.690806 87.852386 43.006465 38.449261 24.216709 32.494274 51.249108 92.029771 75.652526 90.338099 37.907222 90.087912 76.683626 26.680765 92.229876 83.485976 14.554610 27.513982 56.491401 25.902959 18.798526 94.167384 71.353411 8.770295 82.546487 76.445021 32.151127 58.498253 13.570333 33.293238 56.307951 60.465687 93.864312 10.179593 49.850870 19.186229 97.976532 11.498116 50.883769 65.866616 57.789568 84.110248 60.160994 12.414896 58.468660 60.833418 76.535556 38.551187 8.771732 35.336805 47.392119 37.897884 14.060201 77.209197 5.599747 76.388010 54.891390 39.797879 67.693844 97.125383 0.448714 79.736787 42.138128 81.453943 90.524667 72.313529 53.174955 32.024386 80.322143 91.432312 47.291345 32.084930 18.629572 86.104632 40.843887 55.937215 48.849094 44.756731 94.364572 83.917165 59.394366 77.010250 41.137610 10.525525 79.742571 72.104618 46.435917 14.661593 79.570899 40.011010 25.932132
56.620227 66.072303 21.927380 74.027971 64.951212 10.262300 74.849411 0.000000 44.433431 6.011591 13.312254 65.433697 69.314435 93.043560 63.913527 26.864477 66.312961 80.431137 55.011920 90.767816 29.906645 8.966754 81.843957 18.501237 57.592624 88.233670 54.249453 26.276872 82.683249 69.946679 83.407143 17.285559 77.318683 17.445185 74.625910 57.784432 26.936303 87.748715 44.216088 19.029061 37.997850 19.062064 84.061719 65.692949 68.999912 78.467341 74.713877 81.098559 19.386950 41.913956 30.372485 89.426359 76.431101 28.855892 28.486496 74.183322 54.499398 69.874115 51.665318 111.141533 98.131673 76.432014 52.120874 78.099621 43.499107 44.856818 35.376308 77.766949 86.328063 74.782418 72.623628 33.451839 10.960541 26.374618 3.918210 65.392663 47.351679 16.618936 18.332749 55.150597 74.826721 81.187735 65.064368 78.569715 51.542382 57.038588 34.272175 25.767361 10.332217 22.950783 16.826239 54.833680 65.772909 25.296866 16.837006 96.877768 60.226663 16.904046 49.885157 95.609624
13.121985 55.318492 23.887199 86.530469 23.291138 51.467658 71.640001 44.433431 0.000000 45.595211 53.196174 37.543939 43.729222 78.629277 43.556809 31.879930 24.954717 37.551137 18.954978 66.669340 30.289999 53.205697 62.845748 58.794942 15.142413 79.826411 44.137038 25.542771 64.229149 56.708603 39.248430 58.764510 78.413431 33.534137 30.982516 40.649539 22.858412 80.220198 41.224502 45.094918 12.522628 53.237911 76.943245 33.365828 55.825496 35.855300 64.797532 48.468405 25.892731 13.937522 22.910607 53.554642 79.862285 21.019662 63.326495 30.483904 34.154791 71.849046 70.000454 88.732117 76.210054 64.813436 8.380133 71.714695 5.295614 16.808595 48.621387 37.052019 42.282344 71.841141 28.346424 49.473153 55.194602 34.233000 46.341269 31.036031 61.624551 32.232512 46.102700 80.575187 52.578428 66.954453 21.697424 51.201798 18.161024 27.198926 32.707623 40.746291 52.963107 56.325229 29.611429 76.891989 67.610363 23.450525 27.732403 69.490986 59.630901 31.325975 31.740963 81.242246
57.126180 71.498482 24.821726 79.990064 67.162690 5.998742 80.690806 6.011591 45.595211 0.000000 8.458283 69.519009 73.699883 98.516723 68.642673 31.852679 66.026255 82.450184 54.193060 95.558789 26.874795 11.283556 86.940151 14.132537 57.787349 93.962289 59.499911 30.338873 87.825688 75.279400 83.936513 21.128420 83.277878 14.886026 76.331714 62.624400 30.543246 93.508953 49.638383 25.034573 40.668819 13.175012 89.818314 69.307865 74.324005 78.319729 80.281287 84.930381 22.192382 44.843857 28.756087 92.922026 82.422641 32.291735 33.521514 75.862369 58.978286 75.825255 57.585572 116.205456 103.153841 81.928103 52.818281 83.849007 43.971192 48.064578 41.330784 80.323642 86.753995 80.631840 73.941542 39.442578 10.588618 22.712519 9.507949 68.757290 53.361063 14.832910 12.579657 60.656426 79.591311 86.582533 65.362139 82.932606 54.576982 60.691758 39.311498 20.957920 7.387221 28.454313 16.313748 60.568262 71.703315 24.339805 18.036764 101.426675 66.049013 15.436392 54.380323 101.100774
64.215778 79.382777 33.217420 85.243659 75.204204 3.139044 87.852386 13.312254 53.196174 8.458283 0.000000 77.974645 82.125353 106.345312 76.979158 40.048466 72.417672 90.371492 60.198861 103.879200 31.046331 12.985735 95.103263 5.734789 64.638248 101.390799 67.546731 38.783292 95.958017 83.257279 90.912398 22.685960 89.959433 20.633061 84.102884 70.915641 38.998915 100.869327 57.528083 31.618524 48.950129 7.598074 97.188810 77.746283 82.309779 84.762810 87.989646 93.384173 30.587920 53.181549 34.510353 101.336982 88.856071 40.735467 36.362634 83.620042 67.381220 82.565358 62.671561 124.392636 111.364533 89.730493 60.072931 91.238741 51.151154 56.456199 48.154545 88.484557 93.639988 87.769627 81.494542 46.037504 9.123526 26.223868 15.544859 77.159398 59.322360 21.312590 12.155594 64.127508 87.918321 94.499518 72.242993 91.363497 62.922663 69.136774 47.489462 22.381729 4.581321 32.578292 23.590844 64.792330 78.554808 30.874989 26.069994 109.824082 73.279505 22.116183 62.777495 108.907088
41.684518 25.659106 45.233780 66.698726 24.625920 75.268775 43.006465 65.433697 37.543939 69.519009 77.974645 0.000000 6.336443 42.504082 10.631817 39.510918 51.737410 32.901170 53.487359 29.193250 65.188680 71.885775 26.115833 83.589850 44.731299 46.417458 22.123565 39.219506 27.591764 24.477293 51.249017 72.309030 51.481477 63.338345 33.467914 14.033469 39.056833 47.260721 29.443037 54.018751 31.786182 81.070298 44.661128 6.879541 23.931355 55.819681 32.882358 16.100815 47.792549 27.327957 57.802524 25.700786 54.370827 37.483598 69.229640 33.578874 12.197325 47.147286 59.456298 51.272153 38.666672 31.728648 39.851501 40.794133 42.836537 23.421314 44.888563 25.206498 54.162910 43.359699 37.025185 47.398212 75.748298 67.863894 65.100343 10.298234 51.011521 61.302482 75.550522 73.021266 15.525972 31.954517 45.393952 14.118059 19.430864 10.455323 33.063395 73.689210 75.739530 63.758703 57.771586 67.371578 44.063339 55.787166 53.477372 32.960327 37.056689 60.326995 16.403751 44.986818
48.003553 21.689553 49.887231 63.515987 30.537327 79.326947 38.449261 69.314435 43.729222 73.699883 82.125353 6.336443 0.000000 36.241831 7.990285 42.821234 57.920415 37.255629 59.823655 23.282726 70.849488 75.290939 19.812493 87.663202 51.045181 40.649056 21.351582 43.381616 21.297684 19.657461 56.496967 74.949503 47.107891 68.383269 38.670518 13.708741 43.537097 41.581138 30.287292 56.588831 37.307463 85.607643 39.169718 12.613780 19.278151 61.584997 27.760825 15.075315 52.381924 32.941633 63.525387 25.282883 50.256441 42.126219 70.754304 38.836798 14.848251 43.425329 58.360791 45.311532 32.554189 26.299112 46.185826 35.713900 49.024826 29.026011 45.854359 29.253257 59.314055 38.830306 42.575492 48.504265 79.340850 73.332478 68.684444 16.069623 50.261673 66.295298 80.377447 72.087242 9.210802 25.987655 51.545287 9.256737 25.573395 16.536803 35.892667 79.013198 79.646624 65.704429 62.731578 66.219109 40.742328 61.248730 58.279355 27.863756 34.362858 65.330399 19.455381 38.702363
84.148445 27.039809 78.357448 50.625739 66.559142 103.253960 24.216709 93.043560 78.629277 98.516723 106.345312 42.504082 36.241831 0.000000 35.085733 67.021688 94.142370 70.392955 95.730186 21.091858 102.654906 96.401164 16.480700 111.242210 87.206857 12.001223 39.381396 70.635760 14.974360 23.593045 91.008083 92.465911 30.008185 97.406928 73.471762 38.930107 71.931435 13.686874 48.880088 75.772149 69.868519 111.528391 15.088576 48.750175 24.570137 97.170806 18.600138 42.038696 80.401675 66.084674 95.816207 48.592786 34.084646 71.246551 83.290517 73.737091 44.965120 32.958335 59.363310 23.267641 15.998378 16.621528 82.061385 18.709557 83.857711 62.411577 60.010342 62.354906 93.544427 24.589326 77.936392 62.663910 101.062055 104.147005 91.117801 52.152629 55.107502 95.178026 107.897153 71.507901 27.052882 12.205922 87.747392 32.727103 60.727670 51.916116 59.673033 108.966413 102.841221 80.877083 91.642622 65.350857 34.349598 92.424354 86.762771 27.980555 35.354234 94.305263 48.482303 2.670666
49.892390 15.052317 45.763260 56.222449 34.563519 74.078739 32.494274 63.913527 43.556809 68.642673 76.979158 10.631817 7.990285 35.085733 0.000000 37.089867 60.745698 43.528030 61.007541 26.925054 68.474748 69.329961 19.782591 82.392215 52.973388 37.123862 13.443561 38.662962 21.042256 14.324209 61.673648 68.302395 40.895102 64.698530 43.960007 6.373052 39.268989 37.787098 22.867058 49.993874 35.135423 80.974822 34.912588 17.391975 13.656043 65.760008 22.835102 23.059936 48.118596 31.150816 61.384554 33.270335 43.743813 38.141543 63.390524 44.044506 10.336871 36.527328 50.374989 48.134245 35.041381 22.088199 47.383487 30.617571 48.775060 27.398470 38.325805 35.779511 64.632989 32.835784 47.280259 41.025625 73.554076 70.469099 62.951290 20.683678 42.276617 62.535291 76.225747 64.097996 10.956115 23.463789 54.563085 16.003426 25.815379 17.368775 29.827073 75.792927 74.212881 58.604030 58.948543 58.238705 33.517315 58.482231 54.276257 33.104563 26.740948 61.598528 14.595443 37.711119
44.795761 39.995548 13.708693 58.219408 45.061956 37.084846 51.249108 26.864477 31.879930 31.852679 40.048466 39.510918 42.821234 67.021688 37.089867 0.000000 56.832252 60.432458 49.328916 63.908452 39.513730 32.475545 55.087749 45.364627 47.011695 63.464386 27.745763 6.869892 55.975889 43.586298 69.115130 33.166846 55.533943 31.301813 56.096965 30.924360 9.683386 63.214890 18.389488 15.497420 20.054264 44.633280 59.536303 40.934818 42.621045 67.353816 49.138224 55.527509 14.780683 21.727519 34.476377 64.545478 55.674511 11.070120 33.197744 55.784131 27.978690 48.132248 39.122235 84.359791 71.319901 50.548414 40.132122 53.586616 34.316448 22.916038 17.539803 55.960209 72.307655 51.275631 55.760805 17.869336 36.542132 39.427658 25.900632 41.384998 31.412421 29.074716 40.921159 48.820874 47.978640 54.960339 53.145912 52.062954 29.530021 32.460749 7.459914 43.118255 37.135630 26.582740 25.773370 45.492930 43.741800 29.426418 20.887490 70.134108 36.794510 28.322488 23.391277 69.641041
12.332048 74.732622 47.926663 109.922608 27.849540 71.399635 92.029771 66.312961 24.954717 66.026255 72.417672 51.737410 57.920415 94.142370 60.745698 56.832252 0.000000 32.307749 12.754737 78.018389 43.118210 75.279517 77.672134 77.532883 9.826378 97.826267 65.290645 50.462476 79.172601 74.993624 20.221171 82.078481 99.616805 51.787731 25.366069 59.892722 47.738411 98.528197 64.550622 69.743212 37.147544 70.375134 95.636821 45.400408 74.248784 12.347687 83.481965 56.109091 49.530236 37.253353 38.001632 56.754721 101.598588 45.950726 87.853185 24.833898 53.487229 93.657950 94.569274 99.025541 87.892247 82.831786 16.772816 91.065236 23.473205 38.730686 73.387032 37.176756 22.273976 92.298242 19.969241 74.349349 76.393652 48.175000 68.879129 42.028846 86.039153 51.309481 62.716867 105.456868 67.090111 83.636971 6.458035 62.648669 36.170918 43.465993 57.225523 54.391561 73.301345 80.828869 49.820824 101.629695 89.648061 41.712229 49.641266 78.192923 81.658202 50.624655 52.591653 96.566018
30.196791 58.504893 58.595617 99.436065 15.597992 88.420349 75.652526 80.431137 37.551137 82.450184 90.371492 32.901170 37.255629 70.392955 43.528030 60.432458 32.307749 0.000000 41.511507 51.144656 66.855466 88.734326 54.513023 96.043132 31.832923 77.079892 53.841908 56.509425 55.993679 56.892836 21.057325 92.482842 84.244057 71.073395 7.351967 46.113129 54.733522 78.186997 58.389356 75.864769 42.681395 90.769661 76.088154 26.344991 56.467227 29.324212 64.992026 28.557862 61.070190 39.363646 59.849642 25.787805 87.232495 52.626537 93.527447 7.926456 41.630573 80.048053 90.097076 70.117685 60.616547 63.384685 32.538615 72.939331 40.886517 37.533855 72.187549 8.122082 23.297104 76.024287 12.434712 74.179116 91.386058 71.256720 81.643123 23.456662 81.335166 69.710146 83.651569 103.121839 44.967746 62.213974 26.763850 37.732073 30.933161 31.129465 56.770987 77.836305 89.708249 87.012112 66.919690 97.943407 76.910603 60.983658 64.414408 49.128942 69.700917 68.784314 43.676903 72.440412
12.493657 73.692550 38.531799 105.372670 32.577806 59.360883 90.338099 55.011920 18.954978 54.193060 60.198861 53.487359 59.823655 95.730186 61.007541 49.328916 12.754737 41.511507 0.000000 81.715176 30.422052 63.946856 79.521946 65.178510 9.967475 97.876871 62.897360 42.567945 80.971418 74.723419 32.811722 71.376744 97.274555 39.642874 34.172655 58.841959 39.739548 98.373875 60.152444 60.657563 31.257261 57.823821 95.205769 48.027432 73.881591 24.918169 83.000048 61.159969 39.707324 32.863583 25.688652 63.715552 98.787618 38.264843 78.349234 33.599487 52.289378 90.774298 88.202055 103.444390 91.524932 82.791862 13.669052 90.151080 15.124749 35.464693 66.637015 44.620268 34.997498 90.554348 29.259941 67.191216 64.693856 35.498386 57.860802 45.004392 80.026528 39.369776 50.155544 98.084716 68.983598 84.449698 15.360936 66.059601 35.209536 43.825435 51.210115 41.659956 61.355463 71.352541 38.253235 94.803234 86.550057 29.894107 38.750946 83.166889 78.562928 38.761340 50.331512 98.280083
69.461299 29.306940 72.518584 66.133453 50.208112 100.960819 37.907222 90.767816 66.669340 95.558789 103.879200 29.193250 23.282726 21.091858 26.925054 63.908452 78.018389 51.144656 81.715176 0.000000 94.124086 95.891098 11.822783 109.261926 72.390720 31.273755 37.694927 65.559472 12.187645 24.787462 72.141602 94.114318 45.986126 91.297153 55.221021 32.984160 66.057024 32.837232 48.130917 76.044814 60.568928 107.889661 32.480539 33.740401 25.397535 79.304095 27.144174 22.672862 74.926301 56.221478 86.807723 27.762977 50.009706 64.818974 87.607997 55.567292 36.916575 45.997802 68.825249 22.079182 9.877532 24.259033 68.290241 32.763582 71.950860 52.306950 62.564233 43.395104 74.440004 38.355135 60.132839 65.352858 100.219073 96.540006 89.674561 36.712834 62.371502 89.168201 103.033805 82.243793 15.969752 19.284473 71.562354 15.659172 48.613788 39.644461 56.552373 102.129833 101.042317 83.644867 85.586839 76.001458 45.455133 84.463362 81.002990 8.584124 42.608312 88.216234 41.399810 22.508899
37.453535 76.582308 25.892768 96.938789 53.471277 30.910271 90.087912 29.906645 30.289999 26.874795 31.046331 65.188680 70.849488 102.654906 68.474748 39.513730 43.118210 66.855466 30.422052 94.124086 0.000000 37.958623 88.240408 35.480202 36.939098 101.179793 64.076277 33.642061 89.454503 79.257208 62.779728 47.177585 94.926263 12.466327 59.794636 63.795700 31.598416 101.169641 56.797828 43.210154 33.564722 27.623439 97.572876 62.331781 78.289167 55.340045 86.225598 78.000039 24.803593 37.910875 7.494648 83.724428 95.178821 31.797907 57.649538 59.245640 58.159473 87.575055 76.061087 116.080471 103.138414 87.048043 34.365784 91.763886 26.090359 41.828176 55.692433 67.210669 65.184513 90.161306 56.017940 54.957898 37.293412 5.099819 33.609325 60.496548 69.591517 13.636635 19.985389 82.469501 78.840541 90.479913 44.309308 79.292765 46.317576 54.834026 45.372097 11.353336 33.179466 51.313061 15.259532 80.914216 83.171173 10.367416 19.332527 98.061697 75.966077 13.711866 54.264039 105.325524
65.520027 69.769976 30.148893 72.478816 73.183329 10.315565 76.683626 8.966754 53.205697 11.283556 12.985735 71.885775 75.290939 96.401164 69.329961 32.475545 75.279517 88.734326 63.946856 95.891098 37.958623 0.000000 86.337859 15.898465 66.534321 90.597634 58.594477 33.350166 87.057417 73.895001 92.279944 10.112493 78.165880 25.669470 83.107530 63.042265 34.473943 89.957922 48.226504 20.638575 46.100250 20.499544 86.311549 72.732405 72.981413 87.428512 77.849689 87.798255 27.729005 49.788873 39.089702 96.491780 76.819082 36.505136 23.449630 82.678714 60.452915 70.870492 49.896401 115.582465 102.720406 79.811572 60.990708 80.425698 52.420923 52.470540 36.918775 85.725405 95.219401 76.565706 81.276870 34.549122 4.779927 33.954507 7.109030 72.701725 47.047097 25.166525 22.953750 51.166969 80.091133 84.866319 73.988874 84.525315 59.248466 64.094906 39.520269 32.113631 8.407121 19.674484 25.712867 51.820185 67.014991 34.158302 25.755630 102.434112 62.318157 25.564499 55.866554 98.893385
67.799634 17.863223 65.045144 54.803720 50.081307 92.101396 26.680765 81.843957 62.845748 86.940151 95.103263 26.115833 19.812493 16.480700 19.782591 55.087749 77.672134 54.513023 79.521946 11.822783 88.240408 86.337859 0.000000 100.318439 70.847121 22.947267 27.744590 57.641514 1.513963 13.313414 74.865870 83.854154 35.101808 84.095980 57.212508 24.789877 58.536629 24.251514 38.137200 66.089858 54.911444 99.620923 22.916370 32.274267 14.041181 80.775589 15.523705 26.742099 67.294936 50.876460 81.166468 34.748777 39.010101 57.568301 76.622268 57.457010 30.080935 34.444222 57.038239 29.301880 16.388397 12.707197 65.859639 21.908019 68.118287 47.075548 51.809737 46.410630 77.483353 27.128775 61.568414 54.593771 90.807047 90.150394 80.422820 35.672437 50.740579 81.904354 95.291835 70.427229 10.602729 8.601954 71.271810 16.839036 44.768467 35.823113 47.630375 95.355622 91.990185 73.012019 78.323382 64.182902 33.695239 78.204125 73.560106 20.358295 30.839857 80.986227 34.113072 18.898646
69.627783 84.355824 38.935309 88.240292 80.907362 8.336257 92.229876 18.501237 58.794942 14.132537 5.734789 83.589850 87.663202 111.242210 82.392215 45.364627 77.532883 96.043132 65.178510 109.261926 35.480202 15.898465 100.318439 0.000000 69.958145 105.957395 72.677810 44.375921 101.142124 88.307610 96.249606 24.398404 93.969485 25.872492 89.733532 76.280436 44.664684 105.381828 62.544483 35.929747 54.684910 8.741914 101.714437 83.440333 87.368177 89.879722 92.802729 99.052306 36.305445 58.913488 39.538559 107.049141 92.685592 46.423768 38.273717 89.246784 72.886813 86.637331 65.671373 129.619402 116.620882 94.620699 65.550676 95.788559 56.618173 62.177338 52.436477 94.208045 98.937566 92.128979 87.056351 50.182436 11.212340 30.491709 20.129077 82.877339 62.940488 26.739495 15.691698 66.026381 93.314840 99.484565 77.562541 96.909764 68.653997 74.822784 52.772068 25.837081 8.401403 35.395900 29.185764 67.193328 82.720200 36.212058 31.791705 115.309282 77.742665 27.583033 68.276871 113.782439
3.081058 66.410455 38.428150 100.492635 22.747876 63.368842 83.485976 57.592624 15.142413 57.787349 64.638248 44.731299 51.045181 87.206857 52.973388 47.011695 9.826378 31.832923 9.967475 72.390720 36.939098 66.534321 70.847121 69.958145 0.000000 90.075410 56.396627 40.674487 72.321955 67.023300 26.293131 72.916508 90.839857 44.085975 24.481572 51.498724 37.968013 90.678621 55.069705 60.076823 27.339303 63.299489 87.649220 38.897520 66.229699 21.075112 75.439544 51.437652 40.158933 27.627305 30.856984 53.760013 92.660064 36.155937 78.244479 23.907135 44.989890 84.680112 84.808611 93.956546 82.241629 74.998618 6.972489 82.846819 14.171174 29.375218 63.580030 34.661189 29.005032 83.734240 19.839537 64.525968 67.955709 41.797611 59.950050 35.731492 76.312506 43.338801 55.731779 95.633927 60.253040 76.243616 7.605446 56.773822 27.590560 35.609984 47.457685 48.277693 65.143652 71.225684 41.475631 91.832292 80.591795 33.765293 40.782912 73.513390 72.583933 42.572970 43.675118 89.708907
86.994599 24.801578 75.906681 38.885940 71.041632 98.258945 14.554610 88.233670 79.826411 93.962289 101.390799 46.417458 40.649056 12.001223 37.123862 63.464386 97.826267 77.079892 97.876871 31.273755 101.179793 90.597634 22.947267 105.957395 90.075410 0.000000 37.136214 68.028698 21.580514 23.157418 97.016160 85.646464 18.497795 94.621525 79.218109 39.176883 69.727354 1.687515 45.091497 70.056577 69.741619 107.121481 4.387493 53.166286 24.015858 102.201095 15.124199 49.678154 77.680213 66.452750 94.761904 57.506391 22.469689 69.386041 75.358618 79.410678 45.687343 22.704112 49.645216 34.802600 27.819810 15.091162 84.337040 10.173111 84.876416 63.095282 53.692301 68.957810 99.753234 14.810132 83.223811 56.155629 95.346721 102.098121 85.907358 56.631776 46.575933 92.382370 104.218221 61.022227 32.157686 14.866341 91.589954 39.679817 62.702436 54.489131 56.483655 106.387123 97.592709 73.748722 88.952098 54.998105 25.071303 90.820431 84.023688 39.010019 28.287252 91.573660 48.330299 12.771543
53.403114 12.560775 39.115335 46.047008 42.184670 64.511268 27.513982 54.249453 44.137038 59.499911 67.546731 22.123565 21.351582 39.381396 13.443561 27.745763 65.290645 53.841908 62.897360 37.694927 64.076277 58.594477 27.744590 72.677810 56.396627 37.136214 0.000000 31.318176 28.495287 15.850824 69.890922 56.421751 34.460648 58.095565 52.846978 8.093869 32.782459 37.206611 10.455491 38.432936 33.053930 72.371131 33.680805 27.748172 14.881889 72.305007 22.152267 36.406961 41.077538 30.275687 57.626840 46.594408 36.308254 32.312174 50.438320 52.810764 12.547209 28.376437 37.360239 57.016665 44.125999 23.138046 49.936527 28.058688 48.875964 27.432798 25.266600 46.676557 73.014747 27.708003 55.191617 28.023667 63.065080 65.161334 52.711494 30.395173 29.030255 55.860884 68.534086 50.986921 22.549147 27.250741 59.632344 29.251460 29.162159 23.565297 20.333034 69.735582 64.322268 46.067752 52.348248 45.270169 24.460106 53.728731 47.446381 44.962847 16.576645 55.003619 12.723045 42.022780
38.604666 43.857550 7.885454 64.914588 40.939308 36.050717 56.491401 26.276872 25.542771 30.338873 38.783292 39.219506 43.381616 70.635760 38.662962 6.869892 50.462476 56.509425 42.567945 65.559472 33.642061 33.350166 57.641514 44.375921 40.674487 68.028698 31.318176 0.000000 58.660924 47.043916 63.638852 35.996061 61.321650 26.779721 51.619781 32.916268 2.832741 67.908959 23.205663 19.977736 14.479207 42.341222 64.267934 39.473972 46.067039 61.291198 53.320018 54.821796 9.766036 17.155701 28.117153 63.233057 61.707782 4.529148 38.226488 51.261839 28.742942 54.010950 45.991524 86.665876 73.564084 54.449697 33.889092 58.386449 27.634998 19.310530 24.408290 52.767047 66.797798 56.554570 50.782028 24.695532 36.845485 34.108864 26.327756 39.353046 38.249653 24.546977 37.654896 55.520264 49.608152 58.451709 47.079156 52.603063 26.126775 30.819173 11.738303 38.433585 36.546098 31.331391 21.030309 52.315602 49.601040 23.353323 16.131013 71.166147 42.325271 23.685614 24.183840 73.289350
69.272260 18.144174 66.111610 54.093015 51.591228 92.944177 25.902959 82.683249 64.229149 87.825688 95.958017 27.591764 21.297684 14.974360 21.042256 55.975889 79.172601 55.993679 80.971418 12.187645 89.454503 87.057417 1.513963 101.142124 72.321955 21.580514 28.495287 58.660924 0.000000 13.625736 76.367606 84.416671 34.214044 85.176855 58.720436 25.880710 59.606129 22.916083 38.833122 66.741543 56.177152 100.551696 21.703744 33.776887 14.418712 82.289359 14.959754 28.149559 68.338934 52.173474 82.406692 36.011782 38.164017 58.671756 76.973351 58.966085 31.303550 33.842086 56.912777 28.526599 15.776910 12.083757 67.306769 20.982595 69.496822 48.387711 52.265479 47.894836 78.979925 26.351662 63.081417 55.043847 91.551379 91.315079 81.205036 37.178373 50.791206 82.979527 96.298117 70.222000 12.092070 7.517528 72.774511 18.298005 46.172126 37.244847 48.515996 96.477150 92.799980 73.480881 79.401552 63.970288 33.276936 79.390163 74.621003 20.771010 30.772701 82.066132 35.269690 17.405679
63.944931 4.551193 54.767366 44.966178 48.844177 80.199372 18.798526 69.946679 56.708603 75.279400 83.257279 24.477293 19.657461 23.593045 14.324209 43.586298 74.993624 56.892836 74.723419 24.787462 79.257208 73.895001 13.313414 88.307610 67.023300 23.157418 15.850824 47.043916 13.625736 0.000000 75.725315 70.920711 27.494380 73.813883 57.932790 16.089552 48.351282 23.670728 25.766108 53.431976 46.965903 88.195397 20.649068 31.356502 0.977147 80.060129 8.511497 32.531637 56.809593 43.483954 72.546314 42.210887 30.778299 47.706878 63.350567 58.051708 22.554156 24.441147 44.255690 41.858961 29.358587 8.105164 61.201243 16.336140 61.793986 40.032556 38.669791 48.909562 78.628548 19.184715 61.461647 41.443067 78.456546 80.620132 68.252455 34.752868 37.588394 71.585070 84.378961 57.837994 13.930795 11.414100 68.848834 22.776690 39.569113 31.535471 36.183423 85.381897 79.926048 59.887474 68.049844 51.639101 22.501605 68.976494 63.169942 33.052538 18.088998 70.712313 25.453153 26.249982
26.825269 76.676558 63.095825 115.924081 27.707478 89.586847 94.167384 83.407143 39.248430 83.936513 90.912398 51.249017 56.496967 91.008083 61.673648 69.115130 20.221171 21.057325 32.811722 72.141602 62.779728 92.279944 74.865870 96.249606 26.293131 97.016160 69.890922 63.638852 76.367606 75.725315 0.000000 98.004358 102.497334 70.378128 17.827255 62.911986 61.228925 98.018399 72.112372 83.603756 49.207566 89.544581 95.666667 44.371412 75.176232 10.543517 84.097385 49.493668 65.140981 47.544758 57.059354 46.558286 105.142920 59.195424 101.864917 17.679876 57.346558 97.575399 103.734194 91.095907 81.661578 82.783010 31.289507 92.028365 39.989923 47.400021 83.827825 28.781566 3.224894 94.506682 14.702033 85.332202 93.964133 67.757067 85.509330 41.002951 94.936257 69.603249 81.947893 115.884811 64.892775 82.194823 18.692733 58.282260 42.284524 46.332159 67.511205 74.124328 91.312420 94.949118 67.629657 111.309459 94.041070 60.048039 66.576292 70.142958 86.379692 68.822012 58.091353 93.139227
71.573632 66.571446 34.920258 64.271604 76.895205 20.282730 71.353411 17.285559 58.764510 21.128420 22.685960 72.309030 74.949503 92.465911 68.302395 33.166846 82.078481 92.482842 71.376744 94.114318 47.177585 10.112493 83.854154 24.398404 72.916508 85.646464 56.421751 35.996061 84.416671 70.920711 98.004358 0.000000 71.868264 34.724987 87.386570 61.929684 37.781835 84.853968 45.985370 18.360750 49.994027 30.282792 81.286935 74.090588 70.061885 93.979975 73.878993 88.404279 32.883187 53.120154 47.444129 97.629168 70.122961 39.894752 13.876669 87.001335 60.361071 64.807241 41.831692 112.774250 100.191719 76.087281 66.905061 75.548857 58.754637 55.235708 32.479943 88.682654 101.046854 71.186113 86.111346 29.802803 13.627874 43.485959 13.772477 74.529964 40.292603 33.873220 33.064172 41.657268 78.685470 81.419776 80.164496 84.027934 62.037861 65.626060 39.249705 42.079147 18.159958 12.052428 33.727629 42.849512 61.247840 42.158627 32.627198 101.187732 57.496493 34.103191 55.932414 94.853195
87.833627 25.845176 69.035858 20.678308 75.083407 86.832348 8.770295 77.318683 78.413431 83.277878 89.959433 51.481477 47.107891 30.008185 40.895102 55.533943 99.616805 84.244057 97.274555 45.986126 94.926263 78.165880 35.101808 93.969485 90.839857 18.497795 34.460648 61.321650 34.214044 27.494380 102.497334 71.868264 0.000000 86.563693 84.840115 39.982511 63.555135 16.969421 38.500302 58.381880 66.802523 96.372979 14.920750 58.286476 27.830117 105.994886 20.219032 59.653102 70.310921 64.481664 89.330286 68.898053 4.117109 63.770427 60.238855 84.912529 46.197527 7.486331 32.672647 53.181137 44.943397 22.662707 84.396334 13.242982 82.976247 61.839215 41.947097 76.322918 105.488931 8.355676 87.985199 43.930992 82.940972 94.953377 74.461357 61.563393 31.600327 84.373550 94.591646 42.980446 40.854653 26.767717 93.816716 49.605461 63.446701 56.791179 49.659201 98.345548 85.812897 59.816390 81.208825 37.138407 11.807999 84.673492 76.375379 54.414603 19.147595 83.686050 47.170130 31.171583
43.802396 70.625426 19.085050 86.710000 56.393782 19.729929 82.546487 17.445185 33.534137 14.886026 20.633061 63.338345 68.383269 97.406928 64.698530 31.301813 51.787731 71.073395 39.642874 91.297153 12.466327 25.669470 84.095980 25.872492 44.085975 94.621525 58.095565 26.779721 85.176855 73.813883 70.378128 34.724987 86.563693 0.000000 64.487446 59.306583 25.576901 94.429738 49.555225 31.843885 32.005718 19.705067 90.762775 61.760385 72.836796 64.131554 80.041199 77.658049 17.018250 36.517951 13.996189 84.613013 86.405185 26.560114 45.326736 63.979463 54.448821 79.103988 65.194128 112.829779 99.739870 81.220637 39.827759 84.831706 30.897530 40.251004 45.787266 70.017374 73.067076 82.568639 61.508068 44.668558 25.469530 9.464090 21.146607 60.558056 59.343633 2.239819 12.730122 70.728591 75.509725 85.215960 51.690147 77.338348 46.007196 53.512816 38.139726 11.818446 21.787000 39.142980 5.777826 69.549263 74.756923 10.371530 10.649214 96.184083 68.045007 3.111230 50.109290 100.062700
22.889141 58.997287 52.985955 98.857533 11.330691 82.265867 76.445021 74.625910 30.982516 76.331714 84.102884 33.467914 38.670518 73.471762 43.960007 56.096965 25.366069 7.351967 34.172655 55.221021 59.794636 83.107530 57.212508 89.733532 24.481572 79.218109 52.846978 51.619781 58.720436 57.932790 17.827255 87.386570 84.840115 64.487446 0.000000 45.557086 49.629060 80.206709 56.137391 71.340182 37.392565 84.190928 77.840182 26.600544 57.398773 24.099342 66.284277 32.596429 55.378580 34.533031 52.892408 31.651513 87.576177 47.516317 89.294536 0.574489 40.336375 80.107949 87.966215 75.157902 64.933621 64.955960 25.429790 74.220741 33.971928 33.279170 69.078205 12.228398 20.695975 76.791002 5.423412 70.880857 85.545697 64.279407 76.057256 23.278171 79.153688 63.214848 76.969750 100.629824 47.126432 64.415134 19.580779 40.807877 27.125483 29.376523 53.166925 70.861947 83.649150 82.616487 60.551942 95.710173 76.693934 54.289293 58.315909 54.135761 69.170159 62.308064 41.646817 75.666655
48.438475 14.913893 40.257358 53.391095 35.278020 67.984517 32.151127 57.784432 40.649539 62.624400 70.915641 14.033469 13.708741 38.930107 6.373052 30.924360 59.892722 46.113129 58.841959 32.984160 63.795700 63.042265 24.789877 76.280436 51.498724 39.176883 8.093869 32.916268 25.880710 16.089552 62.911986 61.929684 39.982511 59.306583 45.557086 0.000000 33.748224 39.587150 16.620618 43.624928 30.999541 75.098257 36.368559 19.847018 15.188953 66.019449 24.177014 28.605631 42.523673 27.411431 56.895189 38.737970 42.353742 32.791051 57.141794 45.562537 6.553267 34.679802 45.449150 53.756281 40.658026 24.189857 45.433629 31.368823 45.712457 23.943843 32.162443 38.781280 65.982398 32.429341 48.269680 34.829844 67.303210 65.495083 56.724637 22.673074 37.073693 57.114479 70.567281 59.056597 17.069785 26.840180 53.954144 22.287796 23.908739 16.816512 23.587425 70.600150 68.059013 52.269090 53.533593 53.360888 31.147566 53.635258 48.774145 39.417465 23.651228 56.196645 9.553045 41.597181
35.953511 45.343036 6.509619 67.580314 39.136898 36.390006 58.498253 26.936303 22.858412 30.543246 38.998915 39.056833 43.537097 71.931435 39.268989 9.683386 47.738411 54.733522 39.739548 66.057024 31.598416 34.473943 58.536629 44.664684 37.968013 69.727354 32.782459 2.832741 59.606129 48.351282 61.228925 37.781835 63.555135 25.576901 49.629060 33.748224 0.000000 69.662600 25.222335 22.397359 12.271198 42.079071 66.044149 38.818674 47.374568 58.666470 54.895933 54.388016 8.871696 15.422079 25.778403 62.515784 64.050289 2.113430 40.671841 49.253525 29.142126 56.294505 48.802984 87.386222 74.284830 55.907147 31.225152 60.203628 24.826298 18.003920 27.210299 51.305741 64.372064 58.576762 48.588223 27.525961 37.716611 32.390037 27.382109 38.456367 41.014707 23.374182 36.977328 58.346301 50.161783 59.728199 44.464262 52.694649 24.774555 30.179378 13.897545 37.036130 37.064493 33.727256 19.799459 55.147196 51.883510 21.244883 15.028983 71.392394 44.487520 22.465671 24.683137 74.593882
87.598985 25.021844 75.792823 37.271624 71.884442 97.734458 13.570333 87.748715 80.220198 93.508953 100.869327 47.260721 41.581138 13.686874 37.787098 63.214890 98.528197 78.186997 98.373875 32.837232 101.169641 89.957922 24.251514 105.381828 90.678621 1.687515 37.206611 67.908959 22.916083 23.670728 98.018399 84.853968 16.969421 94.429738 80.206709 39.587150 69.662600 0.000000 44.875466 69.460538 69.973249 106.676895 3.693741 54.045370 24.495627 103.074138 15.424251 50.944369 77.523356 66.761241 94.819390 58.896933 20.901930 69.371986 74.399768 80.389952 46.121535 21.465912 48.418323 36.428507 29.502134 15.699268 84.869224 9.669803 85.237422 63.456284 53.039525 70.066127 100.778485 13.789395 84.149628 55.464748 94.715482 102.004575 85.364424 57.507857 45.569447 92.191921 103.884500 59.641132 33.227723 16.006268 92.319672 40.904625 63.238907 55.130133 56.310579 106.212371 97.030460 72.922269 88.781652 53.647185 24.027998 90.804692 83.853460 40.630268 27.647041 91.393636 48.630838 14.409977
52.269893 21.864024 31.073333 45.428996 44.916277 54.457601 33.293238 44.216088 41.224502 49.638383 57.528083 29.443037 30.287292 48.880088 22.867058 18.389488 64.550622 58.389356 60.152444 48.130917 56.797828 48.226504 38.137200 62.544483 55.069705 45.091497 10.455491 23.205663 38.833122 25.766108 72.112372 45.985370 38.500302 49.555225 56.137391 16.620618 25.222335 44.875466 0.000000 27.981720 28.982706 62.656501 41.207565 33.703298 24.831339 73.026142 30.786962 44.965927 32.688123 27.520524 50.925764 54.963233 39.315399 25.302060 40.529187 55.997489 17.571563 31.399790 31.830565 67.356446 54.525581 32.309106 48.219585 35.281163 45.325498 25.848273 15.579228 52.002008 75.317698 33.363650 57.558682 18.217126 52.741359 57.285528 42.488175 35.631044 23.021934 47.317893 59.269868 44.736462 32.794220 36.971832 59.493246 38.866906 29.870952 27.266906 11.487952 61.344411 54.160610 35.819785 43.920911 39.607731 27.016469 46.459548 38.994874 55.281047 19.358727 46.524555 14.721396 51.470219
