NAME : Random_TSP_Instance
TYPE : TSP
DIMENSION : 90
EDGE_WEIGHT_TYPE : EXPLICIT
EDGE_WEIGHT_FORMAT : FULL_MATRIX
NODE_COORD_TYPE : NO_COORDS
DISPLAY_DATA_TYPE: TWOD_DISPLAY
EDGE_WEIGHT_SECTION
0.000000 70.261690 72.464360 7.292347 35.738681 16.272911 71.591498 91.256605 88.735991 28.121643 26.571651 92.686215 90.966452 94.656366 57.739466 65.528633 84.997111 98.510352 111.724064 40.287170 62.766261 99.029414 44.637927 38.166293 84.712965 84.462466 38.853803 74.120656 37.138035 95.284551 72.609502 122.695454 92.140669 99.602828 29.583501 56.493592 91.069399 99.603818 86.389554 92.454272 54.581618 31.255769 67.120080 52.130848 25.134392 80.286899 99.305419 44.178741 18.964508 74.809148 80.576716 100.341126 52.595392 77.178946 54.083640 40.124406 40.742671 44.339500 80.995150 39.114144 29.798350 76.460954 72.281656 82.102816 103.799596 80.501271 43.014514 39.543656 91.861826 64.595020 72.312232 26.741666 31.528292 105.432003 87.990295 85.226187 72.319075 89.085527 57.635372 62.512729 97.738734 82.757791 95.275167 54.246745 70.800786 47.082221 81.511025 78.339862 73.769009 24.674712
70.261690 0.000000 2.431777 71.091157 40.346617 61.246861 1.490613 21.734060 64.195628 45.370664 54.105751 32.106600 82.825715 77.424120 48.537302 36.492342 18.380726 86.761656 72.206562 54.508001 43.600389 59.659465 68.073058 71.797916 26.729205 31.386463 52.136745 39.495167 52.026512 50.717342 73.791489 88.143197 67.336652 82.593938 58.458910 62.919186 82.145929 69.373553 16.298160 71.519591 50.044800 67.882132 57.307517 90.640492 63.064775 17.228300 48.065139 27.516124 60.386427 106.317825 31.990440 51.616965 79.537553 82.374276 63.706133 30.251900 62.865594 35.943236 10.758658 32.390228 63.378096 56.822870 5.555612 48.549074 51.126675 53.868850 75.093752 37.015699 21.834732 61.257567 33.290388 46.431901 39.997673 62.521886 39.747442 106.135473 21.494529 19.140673 72.097193 94.966537 64.435243 12.863358 42.299736 93.591094 89.287573 23.233762 53.342096 68.265602 5.432572 47.661556
72.464360 2.431777 0.000000 73.178552 42.771861 63.197424 1.932403 20.012323 65.552760 47.750479 56.525667 31.772055 84.505976 78.875554 50.677239 38.337633 17.551966 88.298315 72.759368 56.908661 45.583391 60.394820 70.452475 74.218233 26.904224 31.879675 54.548641 40.968351 54.447397 51.309283 75.796564 88.785690 68.636391 83.998593 60.890294 65.142578 83.810167 70.415987 14.365368 72.910543 52.256602 70.313784 59.266843 93.039760 65.488862 17.206300 48.241442 29.907534 62.275077 108.618921 32.850345 51.910746 81.888559 84.386345 65.969877 32.395325 65.264585 38.358254 8.729860 34.757407 65.809817 58.489366 6.302837 49.814359 51.134723 55.327272 77.498212 39.446930 19.894603 63.313908 34.760004 48.379252 42.011633 63.010948 40.356370 108.294563 22.762091 17.268034 74.353516 97.310150 65.406318 10.482340 42.462049 95.989230 91.488242 25.393774 54.746604 70.053198 3.416605 50.007262
7.292347 71.091157 73.178552 0.000000 39.651068 12.010989 72.482376 92.504732 94.392821 31.935222 32.285396 95.421389 97.562247 100.859436 63.251411 69.919062 86.774817 105.041696 116.779987 46.401258 67.802732 103.876415 51.626645 45.369829 87.515644 87.739935 44.723401 78.549666 42.968584 99.632785 79.315105 128.243586 97.855329 105.892065 35.998859 63.020187 97.631195 105.113925 87.367027 98.410409 60.253590 38.379303 73.063756 59.361221 31.966650 82.390309 103.154626 46.320360 14.378732 82.040198 84.117118 104.442039 59.837901 84.119876 60.699928 40.874915 47.500544 48.334662 81.845872 41.405397 36.661861 82.097134 73.620050 86.941914 107.599287 85.792132 50.255425 43.258942 92.890213 70.848619 76.276898 25.459754 31.282284 110.122920 91.825704 92.517714 75.223608 90.152079 64.588064 69.782923 103.003962 83.242011 98.870423 61.437161 78.030710 47.894853 86.725803 84.609331 74.164335 28.311773
35.738681 40.346617 42.771861 39.651068 0.000000 35.141039 41.353306 58.963945 57.106419 7.717823 13.810637 57.467131 65.591704 65.943652 26.690492 30.350236 51.563331 72.219167 77.737930 18.048087 29.289033 64.595152 31.519755 32.816350 49.471772 48.815356 15.109537 38.976530 14.093483 59.998484 49.661041 90.185741 60.710194 71.342896 18.323656 33.640341 65.364262 67.169939 55.029742 62.270008 24.820555 27.899314 37.961836 52.359171 22.719894 46.255296 63.617918 13.388081 36.116810 71.120329 44.844833 64.803246 43.574186 56.965270 32.736481 18.147754 25.615830 8.683905 50.279232 9.917414 23.291230 45.064042 40.540877 47.740839 68.096283 47.525219 36.933415 3.922899 60.152200 37.980407 36.664265 25.579275 21.288540 70.661871 52.291951 75.040790 37.072418 57.363406 40.286804 58.696462 64.449850 53.152074 59.536488 55.307963 57.881566 21.444513 48.248486 50.798781 45.120495 11.342547
16.272911 61.246861 63.197424 12.010989 35.141039 0.000000 62.686022 82.912985 91.998761 27.919690 32.108320 87.619469 97.944344 99.898972 61.027664 65.160902 77.819360 105.122012 112.793957 46.311454 64.392395 99.556248 54.456247 49.738878 79.883402 80.806440 44.057461 73.709368 42.294846 94.381020 80.329824 125.305110 95.570380 105.153151 37.373469 63.667495 97.887742 102.252272 77.531199 96.760127 58.501068 42.436492 71.726643 66.126925 35.034467 73.875416 96.990263 38.603784 2.713193 88.609754 77.641122 98.700217 64.258115 86.112196 61.720205 31.583820 49.452604 43.494553 71.924188 34.134354 39.541120 79.809707 64.291098 82.789760 101.316223 82.631081 54.855170 38.173660 83.069370 70.445848 70.627234 14.818379 21.341055 105.435619 85.746559 97.615745 67.891873 80.387518 66.931163 75.966302 99.590889 72.961818 92.325340 68.502671 82.055490 38.436347 83.380702 84.035332 63.871357 24.438022
71.591498 1.490613 1.932403 72.482376 41.353306 62.686022 0.000000 20.267767 63.711266 46.515157 55.136240 30.789824 82.592298 77.009189 48.775987 36.406061 16.937193 86.411922 71.249149 55.223555 43.654395 58.792940 68.722356 72.592756 25.586465 30.387788 52.895142 39.092308 52.827848 49.775142 73.868678 87.232131 66.812520 82.145005 59.396918 63.272263 81.898986 68.683107 14.887047 71.060031 50.382136 68.785147 57.335893 91.346962 64.072237 15.995942 46.934645 28.645977 61.840575 106.795257 31.182828 50.536681 80.116227 82.459011 64.122067 31.625801 63.574049 36.720629 9.403673 33.563337 64.301977 56.576718 4.593595 47.998785 49.931683 53.457143 75.819648 37.964195 20.418124 61.392914 32.883267 47.873692 41.421205 61.532338 38.810001 106.396411 20.934265 17.707724 72.500403 95.527972 63.701394 11.798801 41.161577 94.293601 89.606018 24.603710 52.890509 68.126137 5.341477 48.861018
91.256605 21.734060 20.012323 92.504732 58.963945 82.912985 20.267767 0.000000 64.254725 65.047938 72.679580 19.833148 85.807914 77.941539 59.097388 44.233140 8.915332 87.943134 64.009711 70.017565 52.328880 53.756635 82.551091 87.775434 20.573677 26.699195 68.145814 42.794504 68.465366 44.126475 81.277695 80.246628 66.627553 82.422058 76.099255 74.175009 84.956187 65.927270 6.026793 71.601400 61.649837 85.035578 64.838865 105.391255 81.305451 14.827953 37.978744 47.402696 82.100725 118.182807 30.523723 42.260374 92.998835 89.709984 75.669145 51.642509 78.094707 52.702357 11.501831 52.479989 80.804338 60.751548 18.975984 48.717056 39.350050 55.653208 90.278328 55.228247 2.853879 69.946192 37.445583 68.111128 61.609081 54.194652 34.546564 115.289091 26.636668 3.218831 83.673328 107.986436 60.524763 12.801854 32.698776 108.261991 99.451369 44.636733 54.582246 73.076806 20.388017 67.755772
88.735991 64.195628 65.552760 94.392821 57.106419 91.998761 63.711266 64.254725 0.000000 64.079968 62.199719 46.276893 22.605756 13.701018 31.169244 30.485260 56.200228 23.692437 25.881583 48.711143 28.021474 18.367504 50.586251 59.280847 43.695892 37.555538 49.895225 24.828759 51.599687 24.183317 27.944516 34.004830 3.631884 18.506257 59.697426 35.735786 21.637430 11.214024 65.773392 7.431758 34.164803 62.477645 22.101196 66.858097 65.186333 51.625921 33.226141 59.562899 93.152135 68.207773 34.135001 30.051761 53.398694 33.523420 38.625772 69.142416 51.059913 49.475377 65.704063 61.604985 61.235864 12.295780 59.288054 15.898191 36.137405 10.717870 57.781942 54.668801 67.052471 26.356020 30.971213 82.224744 76.826214 24.791884 30.201173 59.158412 42.793604 65.621506 41.356277 63.087346 11.748785 70.124401 35.319391 68.794898 48.112569 66.599225 10.921670 16.197018 68.909068 67.580598
28.121643 45.370664 47.750479 31.935222 7.717823 27.919690 46.515157 65.047938 64.079968 0.000000 10.334802 64.745778 71.107531 72.273922 33.181600 38.025147 58.050556 78.014449 85.261211 20.721521 36.549209 72.183697 32.597098 31.804195 56.754189 56.345683 17.945763 46.655847 16.385022 67.704890 54.326327 97.444116 67.654402 77.599932 16.462237 37.797487 70.959019 74.363496 60.748503 68.928903 30.838158 25.673383 44.108499 51.295317 19.038563 52.968790 71.315625 17.871797 29.129352 71.518463 52.468214 72.520630 44.339163 61.063347 36.391534 18.697827 26.704685 16.401483 55.724366 13.021379 21.105684 51.904039 46.274321 55.292078 75.787025 54.770668 36.500127 11.431311 66.030210 43.397385 44.376134 20.291804 17.728119 78.308982 59.987336 77.017537 44.341668 63.229392 43.134372 58.802050 71.817826 58.230077 67.184550 54.174014 60.160275 24.021442 55.563503 56.696210 49.756136 3.644520
26.571651 54.105751 56.525667 32.285396 13.810637 32.108320 55.136240 72.679580 62.199719 10.334802 0.000000 70.050994 65.988310 68.666714 31.167979 39.989263 65.109581 73.288839 85.253780 14.336612 36.414786 72.715238 23.493575 21.621670 62.100949 60.748955 12.445848 48.407914 10.685084 69.522647 48.226548 96.135596 65.630026 73.769452 6.367564 31.578813 65.973988 73.035612 68.826477 66.125310 28.034949 15.338619 40.780390 41.011961 9.034392 59.659828 74.273675 26.811857 33.989207 61.584974 56.374888 74.899115 34.765826 54.104576 29.614866 28.979014 17.903369 20.631113 64.089499 22.474504 10.785528 49.913578 54.344342 55.843085 78.814757 53.958228 26.458489 17.452925 73.920554 38.769860 47.417155 28.593150 27.412472 79.240287 63.097785 67.917852 49.842660 71.136327 35.208239 48.803985 71.193254 66.932907 70.740663 43.876061 51.418221 33.931474 54.994995 52.504220 58.794471 10.866034
92.686215 32.106600 31.772055 95.421389 57.467131 87.619469 30.789824 19.833148 46.276893 64.745778 70.050994 0.000000 68.573619 59.758507 48.718609 33.579012 14.861578 69.832518 44.200624 63.591143 41.168850 34.106976 74.214636 80.869393 7.995940 10.829911 62.440093 28.769129 63.249073 24.521999 66.925107 60.454201 48.235953 63.876656 71.915676 63.194018 67.656690 46.627735 23.657699 53.395238 51.960898 79.724588 51.438988 96.453857 77.692437 15.048254 18.195792 49.195658 87.408831 106.133615 15.912070 22.444201 83.155033 74.942912 65.235975 56.363566 70.820960 49.476485 26.546517 54.024955 76.067553 45.112945 26.820479 31.727917 20.029968 39.049193 82.351456 53.547865 22.654172 57.086826 25.362950 73.441218 66.711192 34.368382 16.096056 101.149677 20.407079 22.217897 72.464157 97.229827 41.200100 30.087185 12.873391 99.156210 86.462942 50.045886 37.736707 57.304220 33.999577 68.053362
90.966452 82.825715 84.505976 97.562247 65.591704 97.944344 82.592298 85.807914 22.605756 71.107531 65.988310 68.573619 0.000000 11.383782 39.539852 46.584051 77.397458 7.770712 42.548704 51.670577 40.770787 39.792499 47.243949 55.424124 65.283769 59.269788 53.893306 43.922627 55.651674 46.708372 18.566671 42.459570 21.684065 12.265714 61.575408 34.553729 1.022226 27.974859 86.722698 16.550626 40.813647 60.828904 28.134070 56.099413 65.880130 72.353423 55.730291 72.031456 99.622533 50.866051 55.300767 52.353946 44.685656 17.646569 36.883934 81.092288 50.282311 59.893870 85.958874 72.641459 61.287857 26.017468 78.450164 37.147326 58.395434 30.172830 52.143422 64.338389 88.542521 27.714282 50.018024 91.048433 86.787731 45.197653 52.484419 39.009640 62.238006 86.886666 34.682089 49.262755 31.899758 90.396022 57.916935 57.237204 32.561932 80.263742 31.228529 15.277944 87.921363 74.125374
94.656366 77.424120 78.875554 100.859436 65.943652 99.898972 77.009189 77.941539 13.701018 72.273922 68.666714 59.758507 11.383782 0.000000 39.253494 42.463475 69.900248 10.074621 31.179526 54.458397 38.300246 29.016942 52.812073 61.402358 57.390371 51.244139 56.239930 37.928964 58.012744 36.695212 25.321178 32.451813 11.564352 5.492405 65.083576 38.643995 10.378925 16.688589 79.465526 6.366306 41.442770 65.933135 28.181306 64.894748 70.006381 65.287963 45.583496 70.351900 101.326602 61.734104 47.820919 41.948706 52.487426 27.409309 41.355994 79.783338 54.775049 59.152885 79.315617 71.749128 65.633456 21.909710 72.648686 29.531976 47.896248 23.555561 58.822759 64.060836 80.743657 30.063774 44.135121 91.492149 86.600746 34.043490 43.745783 50.354907 56.166205 79.322366 41.303681 59.068753 20.963524 83.743592 48.343274 66.339873 42.700272 77.982740 24.157984 16.362162 82.256110 75.570318
57.739466 48.537302 50.677239 63.251411 26.690492 61.027664 48.775987 59.097388 31.169244 33.181600 31.167979 48.718609 39.539852 39.253494 0.000000 15.283366 50.226287 45.785717 54.308165 18.546870 7.629054 42.220951 25.835217 33.363133 41.843572 37.965540 19.136452 21.046827 20.747870 40.582818 26.008560 65.001683 34.676224 44.654901 29.375473 15.077994 39.204969 41.882757 57.636927 35.747863 3.679773 34.198374 11.448564 47.737892 35.192560 44.272092 47.022365 32.633382 62.309565 59.109568 32.889401 46.609294 34.502903 34.397360 16.704402 41.561671 23.516377 20.359184 54.897120 33.108859 31.844348 18.883193 45.553521 25.807199 51.482621 22.889441 34.029553 24.963395 61.294977 13.232279 23.360187 52.250772 47.526491 48.995468 36.901463 57.622593 32.461569 58.901252 24.576019 49.043720 40.087055 59.020619 44.909454 50.438831 40.950620 41.126478 24.023223 24.405609 53.962902 36.592717
65.528633 36.492342 38.337633 69.919062 30.350236 65.160902 36.406061 44.233140 30.485260 38.025147 39.989263 33.579012 46.584051 42.463475 15.283366 0.000000 35.320585 51.136735 47.730851 30.777081 8.101289 34.408653 40.645223 47.524227 26.566773 22.944542 30.149638 8.631564 31.287564 29.759838 37.815116 61.163775 34.036871 47.882800 40.306407 30.193580 45.961653 38.814040 43.288862 37.186176 18.395798 47.076670 21.169394 62.925555 46.273378 29.436672 34.345707 29.560819 65.855294 74.035584 17.942163 34.927141 49.780616 46.399746 31.973551 39.146966 37.472457 21.736023 41.179210 32.323318 43.876485 20.839099 32.567091 17.852992 38.892444 19.807350 48.798127 27.016972 46.557271 25.853377 8.293030 53.600476 47.652932 40.327625 23.336851 71.315933 17.731435 44.290217 39.660608 64.274492 35.240579 45.491678 31.214513 65.658975 55.236370 36.154648 19.952998 31.800272 41.743720 41.667934
84.997111 18.380726 17.551966 86.774817 51.563331 77.819360 16.937193 8.915332 56.200228 58.050556 65.109581 14.861578 77.397458 69.900248 50.226287 35.320585 0.000000 79.832206 58.283477 61.636093 43.417922 47.091810 73.938754 79.390911 12.736616 18.869308 59.878479 34.048064 60.291573 37.514648 72.416914 74.544593 58.747139 74.541980 68.186095 65.300895 76.567137 58.689634 9.704093 63.601542 52.830319 76.931662 55.947654 96.753811 73.550960 5.975905 32.608699 40.828966 77.249820 109.292197 22.142219 36.670231 84.239841 80.870628 66.830444 46.246102 69.616352 44.797163 11.695133 45.910172 72.798141 52.095210 13.837677 40.465797 34.836870 47.226366 81.743834 47.733326 11.365789 61.034329 28.582786 63.164666 56.502130 48.398316 27.217001 106.392875 17.770710 9.489692 74.799230 99.166905 53.354549 15.433304 26.947253 99.608403 90.536041 39.405249 46.226923 64.392169 19.387235 60.966612
98.510352 86.761656 88.298315 105.041696 72.219167 105.122012 86.411922 87.943134 23.692437 78.014449 73.288839 69.832518 7.770712 10.074621 45.785717 51.136735 79.832206 0.000000 38.930330 58.952680 46.105429 38.649006 54.970609 63.184126 67.378197 61.244462 61.075097 47.345436 62.843823 46.660706 26.299291 36.408514 21.627775 7.198545 69.042839 42.028421 7.484528 25.780176 89.357954 16.437634 47.401713 68.531394 34.346932 63.570314 73.464105 75.119393 55.481463 77.895125 106.735831 56.969958 57.714140 51.745862 52.389487 25.071528 44.441276 87.137312 57.890627 66.098699 89.057663 78.832575 68.897390 30.298906 82.119881 39.387132 57.619993 33.055855 59.913100 70.737377 90.736949 34.692087 53.547211 97.768324 93.280666 43.159026 53.812519 43.966158 65.689751 89.275509 42.449765 56.336687 30.542313 93.493346 58.377149 64.602557 39.554850 85.882299 33.816366 21.424844 91.696533 81.122436
111.724064 72.206562 72.759368 116.779987 77.737930 112.793957 71.249149 64.009711 25.881583 85.261211 85.253780 44.200624 42.548704 31.179526 54.308165 47.730851 58.283477 38.930330 0.000000 72.731186 48.991348 13.474685 76.149616 84.786744 46.205429 40.880124 73.441950 39.380636 75.031757 21.497300 53.301796 16.271005 23.804615 31.742388 83.657495 61.342396 41.551608 15.399857 67.670564 27.299635 57.753720 87.469082 47.219264 92.674098 89.404521 55.932118 26.034174 76.687145 113.559085 92.438956 40.581701 21.756566 79.270674 57.634796 64.224186 86.081982 76.120126 69.299713 69.730940 79.917423 85.777220 36.719407 66.683252 30.005394 25.389364 31.433436 83.534098 74.623308 66.807281 51.997045 43.675341 101.264505 95.166038 9.885192 32.464112 81.532752 51.955127 66.404376 67.237347 88.436415 14.550116 73.703172 31.425011 94.548049 72.790414 81.890568 30.293751 41.739615 75.684775 88.892149
40.287170 54.508001 56.908661 46.401258 18.048087 46.311454 55.223555 70.017565 48.711143 20.721521 14.336612 63.591143 51.670577 54.458397 18.546870 30.777081 61.636093 58.952680 72.731186 0.000000 25.168855 60.767246 13.875009 17.760227 55.983529 53.358605 2.944995 38.366353 4.336600 58.821000 34.092671 82.715149 52.030914 59.505763 10.994429 17.413328 51.645573 59.753169 67.182446 52.173516 14.994366 16.299595 26.863805 36.132822 16.675423 55.771202 64.682833 30.241271 48.074624 53.385793 48.517316 64.661620 25.858379 40.438954 15.739659 36.194349 8.360657 18.658906 63.224797 27.789031 13.376016 36.540926 53.279571 44.279765 69.207659 41.303321 20.598295 19.370897 71.736104 24.471228 38.951652 40.973301 38.171822 67.537107 53.987017 57.023231 44.591093 69.067187 22.518654 41.222220 58.381008 66.744080 61.936367 39.084728 39.912503 38.947902 42.502497 38.225538 59.734445 23.141036
62.766261 43.600389 45.583391 67.802732 29.289033 64.392395 43.654395 52.328880 28.021474 36.549209 36.414786 41.168850 40.770787 38.300246 7.629054 8.101289 43.417922 46.105429 48.991348 25.168855 0.000000 36.302049 33.450659 40.845169 34.444831 30.386678 25.190246 13.494984 26.610572 33.664987 30.218211 60.912851 31.650513 43.792648 35.569494 22.181681 40.260288 37.881090 51.284148 33.789208 11.132581 41.247254 13.722820 55.321368 41.511319 37.523693 39.671465 32.053734 65.405796 65.941042 25.302369 39.501244 41.989587 38.811975 24.088818 41.518199 30.902676 21.456139 48.975556 33.684818 38.540009 16.481831 40.053562 19.443194 44.167870 18.239755 41.644822 26.675460 54.638236 17.924219 15.852480 54.208542 48.831525 42.848599 29.348431 63.359374 25.781385 52.347817 31.615302 56.290427 35.287408 53.231252 37.359164 58.000644 47.164455 39.796988 19.016701 25.571159 48.954901 40.139074
99.029414 59.659465 60.394820 103.876415 64.595152 99.556248 58.792940 53.756635 18.367504 72.183697 72.715238 34.106976 39.792499 29.016942 42.220951 34.408653 47.091810 38.649006 13.474685 60.767246 36.302049 0.000000 65.601296 74.055702 34.532736 28.756267 61.221222 25.966978 62.740339 9.632928 45.995345 28.588576 18.187329 31.843276 71.551431 51.085300 38.775769 13.216344 56.724518 23.242523 45.798732 76.077196 36.672606 83.873284 77.405149 44.019200 17.305055 63.219491 100.263585 86.505660 27.719484 13.251857 70.168435 51.887175 53.901080 72.607504 64.903369 56.078377 58.152412 66.494018 74.022079 26.231025 54.201142 16.938427 18.985605 19.897537 73.346587 61.388251 56.606542 42.020525 30.209969 87.851579 81.719737 6.984050 20.156206 77.442429 38.916005 55.820146 58.077727 80.908088 8.107169 62.314278 21.398247 85.999495 66.350170 68.446909 18.497703 34.279095 63.453825 75.824420
44.637927 68.073058 70.452475 51.626645 31.519755 54.456247 68.722356 82.551091 50.586251 32.597098 23.493575 74.214636 47.243949 52.812073 25.835217 40.645223 73.938754 54.970609 76.149616 13.875009 33.450659 65.601296 0.000000 8.717187 67.003783 63.577140 16.644361 46.869865 17.436058 65.582657 28.677417 83.755684 53.392329 57.179584 17.372955 14.850585 47.489989 61.768351 80.114568 52.148105 22.358523 13.655479 29.016348 22.850834 19.749198 67.988258 72.586965 44.082864 56.621977 39.614368 58.539408 71.827403 12.058188 32.551139 11.960701 49.582954 5.950370 32.437764 76.428331 41.402681 15.068754 39.561760 66.530222 50.460246 76.980341 45.720730 8.194452 33.184572 84.435615 24.230251 48.912747 52.056961 50.317914 72.575558 62.711204 44.488899 56.421873 81.834824 13.013873 27.350691 61.608942 80.094672 70.712031 25.746469 27.938413 52.723218 47.173495 36.723367 73.359174 34.133458
38.166293 71.797916 74.218233 45.369829 32.816350 49.738878 72.592756 87.775434 59.280847 31.804195 21.621670 80.869393 55.424124 61.402358 33.363133 47.524227 79.390911 63.184126 84.786744 17.760227 40.845169 74.055702 8.717187 0.000000 73.410274 70.418755 19.759314 54.340151 19.771740 73.662909 36.910864 92.467412 62.105288 65.670581 15.343195 23.552501 55.726470 70.470461 84.878226 60.850181 29.735972 7.307686 37.594588 19.604751 14.908875 73.516190 80.376487 46.095606 52.110428 40.107200 65.458820 79.825620 14.573251 39.912574 20.664590 50.078770 10.056329 35.873084 80.812430 42.619666 11.028292 48.136703 70.859200 58.605331 84.822103 54.158383 5.137484 35.332995 89.478254 32.928433 55.812726 49.616518 49.000321 81.016067 70.190544 47.879510 62.253832 86.799849 20.771311 27.284690 70.239390 84.225515 78.200552 22.533926 32.679413 54.224981 55.581034 45.392622 76.915722 32.423697
84.712965 26.729205 26.904224 87.515644 49.471772 79.883402 25.586465 20.573677 43.695892 56.754189 62.100949 7.995940 65.283769 57.390371 41.843572 26.566773 12.736616 67.378197 46.205429 55.983529 34.444831 34.532736 67.003783 73.410274 0.000000 6.167728 54.728355 23.054089 55.482921 25.046602 61.741804 62.393616 46.133842 61.935516 64.075896 56.619414 64.421929 45.957063 22.440452 51.060765 44.927491 72.027544 45.702857 89.457952 69.819277 9.771269 21.348746 41.366058 79.742319 100.086066 10.185840 25.027161 76.345655 70.007533 58.506813 48.805397 63.386234 41.507320 23.636795 46.142736 68.293704 40.561575 21.197479 28.158200 24.459759 35.172772 75.087853 45.552236 23.358963 51.157006 18.636413 65.838408 59.119037 36.360663 14.509251 95.963382 12.412987 21.984916 66.014654 90.729112 40.631426 27.782766 15.575263 92.208325 80.725365 42.676308 34.057287 52.901112 29.632373 60.070601
84.462466 31.386463 31.879675 87.739935 48.815356 80.806440 30.387788 26.699195 37.555538 56.345683 60.748955 10.829911 59.269788 51.244139 37.965540 22.944542 18.869308 61.244462 40.880124 53.358605 30.386678 28.756267 63.577140 70.418755 6.167728 0.000000 52.387916 17.986998 53.308963 19.460735 56.410176 56.943584 39.968785 55.770318 62.137602 52.369633 58.396206 39.878381 28.564735 44.908444 41.264142 69.596762 40.703475 85.701009 68.005109 15.265956 17.307447 42.231177 80.870769 95.353129 5.089868 20.418470 72.356946 64.554507 54.430160 50.408312 60.362428 40.454690 29.463078 46.717759 66.104452 34.884474 25.841867 22.122473 21.108674 29.242741 71.738545 44.950081 29.499777 46.310399 14.664410 67.201087 60.551111 31.144570 8.601125 90.658204 13.135197 28.152626 61.634260 86.399917 34.584433 33.704761 11.871158 88.387121 75.754419 44.760709 28.071480 47.192162 34.823774 59.803181
38.853803 52.136745 54.548641 44.723401 15.109537 44.057461 52.895142 68.145814 49.895225 17.945763 12.445848 62.440093 53.893306 56.239930 19.136452 30.149638 59.878479 61.075097 73.441950 2.944995 25.190246 61.221222 16.644361 19.759314 54.728355 52.387916 0.000000 38.061462 1.775891 58.814938 36.574257 83.879004 53.287860 61.369860 10.379452 19.937453 53.830482 60.825916 65.139215 53.689705 15.794796 17.300117 28.340963 38.578694 16.327714 54.065853 64.341489 27.439460 45.736627 56.224797 47.641188 64.517995 28.676457 43.127357 18.445914 33.257124 10.931843 16.198766 61.053912 24.877979 13.747747 37.638306 51.100791 44.541774 68.881567 42.025571 22.996491 16.540784 69.790394 26.437424 38.179267 38.230929 35.293486 67.906257 53.473857 59.968171 43.091517 67.095882 25.423383 43.987407 59.209481 64.489207 61.363375 41.538203 42.853754 36.095568 43.151308 40.128105 57.315269 20.515795
74.120656 39.495167 40.968351 78.549666 38.976530 73.709368 39.092308 42.794504 24.828759 46.655847 48.407914 28.769129 43.922627 37.928964 21.046827 8.631564 34.048064 47.345436 39.380636 38.366353 13.494984 25.966978 46.869865 54.340151 23.054089 17.986998 38.061462 0.000000 39.324549 21.169370 38.698757 53.327980 28.128955 43.118192 48.362746 34.705401 43.163271 31.640896 43.042819 32.068025 24.618033 54.582428 22.730701 68.393661 54.338228 28.658226 26.316952 37.399342 74.352558 77.369750 13.018537 26.528103 54.850381 47.016087 36.933360 46.889938 44.389428 30.346639 42.039914 40.536997 51.666063 18.135446 34.774877 10.066742 30.845479 14.373804 55.061832 35.607633 45.390887 28.324462 6.209063 61.888458 55.795229 31.733463 15.858209 72.910032 18.369504 43.477775 43.820980 68.574327 27.558939 46.475637 23.868529 70.998697 57.787498 43.238549 13.911868 30.365365 44.359988 50.298275
37.138035 52.026512 54.447397 42.968584 14.093483 42.294846 52.827848 68.465366 51.599687 16.385022 10.685084 63.249073 55.651674 58.012744 20.747870 31.287564 60.291573 62.843823 75.031757 4.336600 26.610572 62.740339 17.436058 19.771740 55.482921 53.308963 1.775891 39.324549 0.000000 60.175645 38.277535 85.573001 55.003998 63.145150 9.038927 21.620645 55.593183 62.505807 65.322258 55.441961 17.465647 16.668047 30.095633 38.903496 15.014777 54.523404 65.560840 26.795751 43.986540 57.048626 48.619000 65.820786 29.494074 44.744889 20.047148 32.206578 11.567637 16.118136 61.128739 23.966626 12.818739 39.332196 51.178956 46.010174 70.104849 43.632544 23.327143 15.888409 70.050289 28.211790 39.226417 36.642719 33.862213 69.395422 54.624414 61.175050 43.707916 67.337045 26.822657 44.694319 60.834362 64.483097 62.478909 41.865341 44.119740 35.328373 44.738009 41.903995 57.149076 18.849861
95.284551 50.717342 51.309283 99.632785 59.998484 94.381020 49.775142 44.126475 24.183317 67.704890 69.522647 24.521999 46.708372 36.695212 40.582818 29.759838 37.514648 46.660706 21.497300 58.821000 33.664987 9.632928 65.582657 73.662909 25.046602 19.460735 58.814938 21.169370 60.175645 0.000000 49.768768 37.484684 25.218066 40.216010 69.183263 51.783844 45.720750 22.242895 47.122744 30.493450 44.262151 74.766748 37.641101 85.467171 75.142409 34.652753 9.044108 56.912161 94.869159 90.479543 19.184086 6.451937 71.672098 56.633552 54.434895 66.020283 64.020302 51.325711 48.683048 60.633310 72.196555 28.109108 45.201787 15.146746 12.359198 21.134307 73.623738 56.510149 46.977083 43.398330 23.809856 81.932431 75.571318 12.009366 10.969972 82.774998 30.621705 46.190401 59.782763 83.694888 16.832535 52.797485 11.988596 87.807975 70.248176 61.310888 19.544987 38.508223 54.282076 71.339613
72.609502 73.791489 75.796564 79.315105 49.661041 80.329824 73.868678 81.277695 27.944516 54.326327 48.226548 66.925107 18.566671 25.321178 26.008560 37.815116 72.416914 26.299291 53.301796 34.092671 30.218211 45.995345 28.677417 36.910864 61.741804 56.410176 36.574257 38.698757 38.277535 49.768768 0.000000 57.580920 29.510705 29.032709 43.432816 16.680530 18.825632 37.934436 80.908978 26.471114 25.941971 42.269205 16.646518 39.819794 47.481607 66.741818 58.457199 58.102976 82.148605 40.731032 51.622211 56.151603 27.167054 8.596052 18.681017 66.485321 31.868286 45.331699 78.992223 57.791961 42.850212 22.160819 70.252548 36.081613 62.127453 28.957793 33.839803 49.085701 83.778806 12.779569 43.835317 74.567099 70.922798 52.655850 51.763126 34.248153 55.352249 81.687711 16.265951 35.179916 39.666270 83.305802 58.841251 41.467149 20.494252 66.819396 30.508679 11.754089 79.161498 57.076927
122.695454 88.143197 88.785690 128.243586 90.185741 125.305110 87.232131 80.246628 34.004830 97.444116 96.135596 60.454201 42.459570 32.451813 65.001683 61.163775 74.544593 36.408514 16.271005 82.715149 60.912851 28.588576 83.755684 92.467412 62.393616 56.943584 83.879004 53.327980 85.573001 37.484684 57.580920 0.000000 30.729908 30.204033 93.699155 69.017623 41.622676 23.133488 83.941568 31.655812 68.114921 96.174058 56.007316 97.313527 99.157613 72.087172 42.269360 90.648449 126.291193 93.221898 56.282724 38.015200 84.687024 59.686230 71.878988 100.186310 84.769518 82.082657 85.962858 93.459603 95.141901 46.241257 82.649615 43.382415 41.326046 42.676105 90.408338 87.393111 83.035240 59.747081 58.289173 114.628841 108.800329 26.151960 48.429435 80.330883 67.503235 82.665182 73.151937 91.429538 25.929269 89.957970 47.695289 98.788945 74.893703 96.484304 41.944651 47.238421 91.766559 101.013914
92.140669 67.336652 68.636391 97.855329 60.710194 95.570380 66.812520 66.627553 3.631884 67.654402 65.630026 48.235953 21.684065 11.564352 34.676224 34.036871 58.747139 21.627775 23.804615 52.030914 31.650513 18.187329 53.392329 62.105288 46.133842 39.968785 53.287860 28.128955 55.003998 25.218066 29.510705 30.729908 0.000000 15.801678 63.001900 38.559013 20.675541 8.542711 68.377676 5.276333 37.604675 65.525079 25.277428 68.926422 68.431220 54.351473 34.176148 63.178439 96.739671 69.185064 36.819191 30.692423 55.628226 34.338723 41.443370 72.760890 54.108760 53.102966 68.512418 65.236130 64.415574 15.794553 62.353602 18.832507 36.719032 14.234200 60.410939 58.291523 69.446042 29.203853 34.213806 85.850815 80.458008 24.052829 32.273538 59.413164 45.878461 68.112016 43.676191 64.674260 10.614265 72.916370 36.787909 70.763074 49.269515 70.172509 14.293777 17.945824 71.973387 71.144795
99.602828 82.593938 83.998593 105.892065 71.342896 105.153151 82.145005 82.422058 18.506257 77.599932 73.769452 63.876656 12.265714 5.492405 44.654901 47.882800 74.541980 7.198545 31.742388 59.505763 43.792648 31.843276 57.179584 65.670581 61.935516 55.770318 61.369860 43.118192 63.145150 40.216010 29.032709 30.204033 15.801678 0.000000 70.019435 43.332513 11.461451 18.788876 84.162032 11.094973 46.761854 70.480747 33.491501 67.952051 74.816355 70.085952 48.890305 75.844211 106.615079 63.049540 52.566458 45.038056 56.018985 29.728555 45.969011 85.273443 59.451321 64.617477 84.197841 77.227201 70.380302 27.394004 77.748716 34.400055 50.826745 28.760461 62.837688 69.504449 85.243054 35.043450 49.310956 96.904676 92.053603 36.083939 48.008611 50.642019 61.253615 83.913188 45.256491 61.450654 23.753907 88.613989 52.078825 69.215714 44.796646 83.467052 29.255118 21.282808 87.366275 80.867403
29.583501 58.458910 60.890294 35.998859 18.323656 37.373469 59.396918 76.099255 59.697426 16.462237 6.367564 71.915676 61.575408 65.083576 29.375473 40.306407 68.186095 69.042839 83.657495 10.994429 35.569494 71.551431 17.372955 15.343195 64.075896 62.137602 10.379452 48.362746 9.038927 69.183263 43.432816 93.699155 63.001900 70.019435 0.000000 27.024787 61.635232 70.747411 72.592000 63.032003 25.905822 9.594935 37.787195 34.856191 5.975850 62.541477 74.596986 31.700273 39.434356 55.225511 57.513641 74.853469 28.429262 48.793282 24.761332 34.864923 12.084078 23.407349 68.096141 27.780705 4.968405 47.535350 58.217795 54.911179 79.141455 52.224114 20.110528 21.443837 77.518986 35.019806 48.189097 34.884439 33.768778 78.261054 63.640988 61.662689 52.093098 74.763295 29.560899 42.453400 69.343892 71.176952 71.476064 37.750026 45.302583 39.380987 53.391868 48.757932 63.346467 17.233477
56.493592 62.919186 65.142578 63.020187 33.640341 63.667495 63.272263 74.175009 35.735786 37.797487 31.578813 63.194018 34.553729 38.643995 15.077994 30.193580 65.300895 42.028421 61.342396 17.413328 22.181681 51.085300 14.850585 23.552501 56.619414 52.369633 19.937453 34.705401 21.620645 51.783844 16.680530 69.017623 38.559013 43.332513 27.024787 0.000000 34.611098 46.919113 72.663981 37.494946 12.897807 27.344431 14.417064 33.890864 31.524507 59.349081 59.316411 43.450606 65.471031 44.042290 47.282587 58.151097 20.196642 23.358205 2.890000 51.132075 16.133366 30.565923 69.782930 42.409249 27.050360 24.896509 60.281178 36.658294 63.576608 31.315434 22.281699 33.584167 76.369944 9.379780 37.998974 58.081842 54.732406 58.069342 50.182297 43.480682 47.538728 73.966225 9.498485 34.110054 46.815167 73.836047 58.061778 36.398591 26.413123 52.348294 32.823467 22.322805 68.349721 40.453248
91.069399 82.145929 83.810167 97.631195 65.364262 97.887742 81.898986 84.956187 21.637430 70.959019 65.973988 67.656690 1.022226 10.378925 39.204969 45.961653 76.567137 7.484528 41.551608 51.645573 40.260288 38.775769 47.489989 55.726470 64.421929 58.396206 53.830482 43.163271 55.593183 45.720750 18.825632 41.622676 20.675541 11.461451 61.635232 34.611098 0.000000 26.955630 85.912197 15.533377 40.562844 61.046930 27.775320 56.719596 66.005605 71.549715 54.739327 71.636780 99.543820 51.760587 54.458515 51.351461 45.175533 18.326488 36.989089 80.736434 50.422560 59.564084 85.190733 72.313695 61.429783 25.324162 77.738628 36.274940 57.390221 29.341123 52.517012 64.054351 87.696093 27.563398 49.275631 90.851258 86.532304 44.175429 51.564406 39.995846 61.495846 86.055392 35.013835 50.005183 30.878873 89.628965 56.954215 57.895547 33.335616 79.826319 30.373956 14.858389 87.224629 74.005114
99.603818 69.373553 70.415987 105.113925 67.169939 102.252272 68.683107 65.927270 11.214024 74.363496 73.035612 46.627735 27.974859 16.688589 41.882757 38.814040 58.689634 25.780176 15.399857 59.753169 37.881090 13.216344 61.768351 70.470461 45.957063 39.878381 60.825916 31.640896 62.505807 22.242895 37.934436 23.133488 8.542711 18.788876 70.747411 46.919113 26.955630 0.000000 68.393061 11.999558 45.040226 73.685485 33.290166 77.453515 76.294692 54.952364 30.487872 68.364468 103.286748 77.142955 37.685272 26.467897 64.170851 42.300837 49.808362 77.956912 62.268821 59.193348 69.228867 70.871759 72.394208 23.213554 64.119918 21.597588 32.126694 19.657066 68.881907 64.478311 68.779712 37.542104 37.251386 91.870350 86.201508 17.418556 31.490904 66.676599 47.962962 67.761937 52.214894 73.044293 5.427966 73.533592 34.230197 79.269658 57.412161 74.762143 19.071077 26.460551 73.643824 77.920442
86.389554 16.298160 14.365368 87.367027 55.029742 77.531199 14.887047 6.026793 65.773392 60.748503 68.826477 23.657699 86.722698 79.465526 57.636927 43.288862 9.704093 89.357954 67.670564 67.182446 51.284148 56.724518 80.114568 84.878226 22.440452 28.564735 65.139215 43.042819 65.322258 47.122744 80.908978 83.941568 68.377676 84.162032 72.592000 72.663981 85.912197 68.393061 0.000000 73.188699 59.918889 81.731039 64.309320 102.955566 77.603609 14.391316 41.788331 42.936342 76.634163 116.694320 31.647466 45.957010 90.929402 89.438090 73.959817 46.502477 75.396810 49.326828 5.658062 47.965124 77.390001 61.173607 14.501612 49.970871 43.626992 56.589039 87.650551 51.407324 5.538318 69.142040 37.281293 62.713555 56.295598 57.793237 36.915519 114.604745 25.582009 2.950936 82.131577 106.109769 63.054820 6.956638 36.249709 105.860476 98.409430 39.479540 55.649501 73.391184 14.435030 63.293468
92.454272 71.519591 72.910543 98.410409 62.270008 96.760127 71.060031 71.601400 7.431758 68.928903 66.125310 53.395238 16.550626 6.366306 35.747863 37.186176 63.601542 16.437634 27.299635 52.173516 33.789208 23.242523 52.148105 60.850181 51.060765 44.908444 53.689705 32.068025 55.441961 30.493450 26.471114 31.655812 5.276333 11.094973 63.032003 37.494946 15.533377 11.999558 73.188699 0.000000 38.330646 64.786765 25.350007 66.258333 68.243222 59.055660 39.443340 65.744318 98.057391 65.157665 41.557791 35.922340 53.279740 30.335558 40.330989 75.267344 53.435814 55.052183 73.134979 67.462260 64.046346 17.340516 66.657114 23.328315 41.929039 17.749839 58.755711 60.115262 74.407689 28.361140 38.248808 87.674342 82.525632 28.770935 37.379506 54.788085 50.161519 73.009103 41.574033 61.350348 15.384253 77.555840 42.048618 67.938168 45.508254 73.089513 18.178004 15.598539 76.275659 72.333101
54.581618 50.044800 52.256602 60.253590 24.820555 58.501068 50.382136 61.649837 34.164803 30.838158 28.034949 51.960898 40.813647 41.442770 3.679773 18.395798 52.830319 47.401713 57.753720 14.994366 11.132581 45.798732 22.358523 29.735972 44.927491 41.264142 15.794796 24.618033 17.465647 44.262151 25.941971 68.114921 37.604675 46.761854 25.905822 12.897807 40.562844 45.040226 59.918889 38.330646 0.000000 30.524971 13.270360 44.534789 31.667368 46.857357 50.673617 32.163503 59.889460 56.797305 36.209079 50.286753 31.514727 34.036322 14.045272 40.698825 19.853026 19.451707 56.925384 32.075182 28.229477 21.880479 47.388775 29.464126 55.141101 26.320638 30.547159 23.572180 63.765634 13.472261 26.609402 50.369603 45.974207 52.600962 40.475672 56.185397 35.071338 61.308961 22.257322 46.338259 43.449841 60.954851 48.486306 47.281067 39.245295 40.885647 27.508638 25.987951 55.476843 34.131284
31.255769 67.882132 70.313784 38.379303 27.899314 42.436492 68.785147 85.035578 62.477645 25.673383 15.338619 79.724588 60.828904 65.933135 34.198374 47.076670 76.931662 68.531394 87.469082 16.299595 41.247254 76.077196 13.655479 7.307686 72.027544 69.596762 17.300117 54.582428 16.668047 74.766748 42.269205 96.174058 65.525079 70.480747 9.594935 27.344431 61.046930 73.685485 81.731039 64.786765 30.524971 0.000000 40.412623 25.816027 7.677839 71.182137 80.882359 41.283960 44.803109 47.139946 64.788424 80.723410 21.837848 46.119708 24.582098 44.281118 11.418756 32.405834 77.362464 37.365159 4.643604 50.783400 67.444970 59.975863 85.394637 56.287625 12.439694 30.908626 86.556500 36.449932 55.242417 42.605199 42.366100 82.958099 70.263496 55.185869 60.354939 83.822863 26.628942 34.313337 72.951656 80.540649 78.223670 28.633428 39.833494 48.955423 57.610471 49.655498 72.827625 25.841525
67.120080 57.307517 59.266843 73.063756 37.961836 71.726643 57.335893 64.838865 22.101196 44.108499 40.780390 51.438988 28.134070 28.181306 11.448564 21.169394 55.947654 34.346932 47.219264 26.863805 13.722820 36.672606 29.016348 37.594588 45.702857 40.703475 28.340963 22.730701 30.095633 37.641101 16.646518 56.007316 25.277428 33.491501 37.787195 14.417064 27.775320 33.290166 64.309320 25.350007 13.270360 40.412623 0.000000 47.827770 43.159258 50.208929 45.518469 43.914581 73.145343 54.730660 35.747743 44.060604 34.032280 25.230804 17.229486 52.962546 29.004913 31.800267 62.345705 44.548984 39.146669 10.546293 53.650194 22.641326 49.650976 16.915109 36.675976 36.390522 67.292728 5.847151 27.424389 63.540475 58.939499 43.656377 37.176653 50.452403 38.735358 65.149572 22.183435 46.542079 32.669393 66.660954 44.810045 50.173181 35.056812 52.242697 18.439881 12.957384 62.647823 47.389618
52.130848 90.640492 93.039760 59.361221 52.359171 66.126925 91.346962 105.391255 66.858097 51.295317 41.011961 96.453857 56.099413 64.894748 47.737892 62.925555 96.753811 63.570314 92.674098 36.132822 55.321368 83.873284 22.850834 19.604751 89.457952 85.701009 38.578694 68.393661 38.903496 85.467171 39.819794 97.313527 68.926422 67.952051 34.856191 33.890864 56.719596 77.453515 102.955566 66.258333 44.534789 25.816027 47.827770 0.000000 33.274530 90.795024 93.178081 65.557291 68.697260 22.679270 80.620857 91.879013 13.795521 38.501600 31.484483 69.673480 27.775181 54.756185 99.210875 62.199958 30.236541 57.801707 89.291215 70.413823 97.400393 64.599929 15.586217 54.713053 107.285743 42.115048 71.091477 68.199711 68.181670 90.803282 84.022306 34.665349 79.173686 104.685539 25.811535 10.877792 78.540988 102.817284 91.931784 2.961864 25.089627 73.793368 66.162175 50.994815 95.862559 51.650837
