NAME : Random_TSP_Instance
TYPE : TSP
DIMENSION : 60
EDGE_WEIGHT_TYPE : EXPLICIT
EDGE_WEIGHT_FORMAT : FULL_MATRIX
NODE_COORD_TYPE : NO_COORDS
DISPLAY_DATA_TYPE: TWOD_DISPLAY
EDGE_WEIGHT_SECTION
0.000000 90.945285 66.610692 31.647338 54.312673 80.402747 42.028021 26.743055 66.266822 59.911120 9.497510 64.478135 26.579226 23.907049 60.034266 66.241840 73.904735 61.880825 71.696560 21.512061 31.775693 11.127081 78.699729 12.068300 11.786482 51.810908 52.432892 62.849417 79.791866 18.498885 62.326515 7.361117 81.613399 46.307922 50.124342 61.846560 28.565160 20.453594 63.661680 57.829478 60.913369 31.516535 60.714614 66.425866 34.123865 49.665567 52.021477 25.393304 72.642488 65.412770 31.542956 31.792005 62.447468 75.124323 62.780605 29.084637 68.609777 20.274999 27.378207 52.974324
90.945285 0.000000 43.375115 82.270983 52.694401 15.365146 80.824270 107.480050 47.825644 47.813529 89.312949 64.493037 116.111408 112.972571 35.949981 61.021617 51.022796 33.665792 48.992827 78.518414 84.930374 101.155637 16.049696 102.522427 101.468272 85.671806 54.368572 40.660991 23.426677 85.828065 57.457679 98.305099 15.480751 92.502948 44.300643 52.116527 69.917279 102.959651 48.445982 80.081581 66.892529 84.690113 41.513826 61.896124 88.876647 53.930626 90.810316 115.572069 22.047376 37.606925 112.408827 66.394875 37.338546 26.294640 76.148615 74.711486 93.148448 95.547214 69.808747 37.977232
66.610692 43.375115 0.000000 74.187051 59.547569 28.011005 40.937482 73.977876 63.678872 7.004816 69.493058 21.167775 86.684487 90.514899 15.162083 75.061587 71.366841 43.831103 68.321915 47.414798 48.156179 77.732557 27.498532 75.742272 78.392622 43.516485 59.850537 6.100261 20.908160 70.644689 14.106184 73.320685 46.688384 89.810351 43.977804 64.533731 59.255990 71.111721 5.258697 37.023630 23.561402 76.261846 52.817845 18.765776 81.073823 17.257140 48.758754 91.682332 22.582519 7.068910 95.729099 57.283471 49.634705 50.580473 85.362563 65.292418 49.773668 79.650641 58.124100 31.124196
31.647338 82.270983 74.187051 0.000000 32.659142 76.609176 66.076042 58.309663 43.588455 69.081344 22.491149 80.703806 54.222208 39.710272 62.024434 38.785708 49.158323 48.755499 47.810261 44.725071 58.218462 33.730886 74.790287 40.870362 33.263484 76.585939 30.573244 68.686925 79.543967 13.258463 75.921581 35.357802 69.087661 17.043812 38.163811 38.221211 14.931837 52.051190 73.387676 80.142524 78.287415 2.419149 42.874910 81.550179 7.010654 60.788081 78.313955 43.829282 70.182116 70.055171 32.429186 17.299644 46.316926 59.702964 31.808185 8.898067 93.425053 18.257289 16.112454 48.159057
54.312673 52.694401 59.547569 32.659142 0.000000 51.031023 70.942626 79.093011 11.974616 57.139611 48.185066 73.918595 80.622011 70.280065 44.565385 16.471624 19.843223 19.895785 17.427499 54.920744 67.653737 61.227595 49.338939 66.094417 61.117968 80.535347 2.097932 53.447945 56.608785 41.072357 67.149105 60.657046 38.115101 39.988901 15.653869 7.867415 25.960157 73.028697 61.086940 80.449895 73.171429 34.942757 11.210369 73.431497 38.289055 53.074317 84.084478 73.948251 46.655089 53.321562 65.005318 22.540378 15.359564 27.856925 26.245407 27.772890 95.353471 49.543620 26.980604 28.426444
80.402747 15.365146 28.011005 76.609176 51.031023 0.000000 66.147203 94.615838 49.693005 32.584280 80.075234 49.141535 104.483278 103.389130 21.960944 62.869454 55.140393 31.195095 52.527965 65.844444 70.990348 91.087493 1.820813 91.487416 91.510082 70.541546 52.271953 25.475335 8.956708 77.938143 42.093048 87.722170 22.183697 89.034907 38.872580 52.763498 62.875624 90.499619 33.085822 64.766693 51.530397 78.992041 40.732904 46.577701 83.521231 39.358221 75.713475 105.586208 7.917810 22.351102 104.636017 59.686878 36.500285 30.246400 76.639420 68.305981 77.784673 87.691190 62.424195 28.923355
42.028021 80.824270 40.937482 66.076042 70.942626 66.147203 0.000000 36.440627 80.493027 34.493777 49.666750 27.498831 52.019459 62.779987 44.976252 87.067236 89.254315 65.666845 86.274874 21.740923 11.017451 51.262568 65.040677 45.666701 52.188111 10.512805 69.985270 41.071990 60.968068 55.927779 29.452060 45.988326 78.651464 83.011760 57.935647 78.449961 54.311444 35.760344 35.936533 15.930578 23.229590 67.144518 70.631243 30.431380 71.239184 26.894386 13.164318 62.235906 58.800638 44.326568 73.364354 54.980349 69.691432 77.606197 90.713680 58.988082 27.406696 61.445580 52.623927 50.700707
26.743055 107.480050 73.977876 58.309663 79.093011 94.615838 36.440627 0.000000 90.820740 67.002835 35.857683 63.855148 16.862269 33.894228 72.720747 92.240762 98.927887 82.934576 96.483231 28.965027 26.404760 27.674588 93.137893 19.277769 28.571765 42.263857 77.376673 72.216303 91.633796 45.072676 64.841700 23.838855 100.921090 72.113069 71.914193 86.870313 54.286233 6.300670 69.620834 50.817243 59.616983 58.019993 83.818758 66.680633 60.168835 57.186355 39.770113 31.436218 86.719589 75.327940 48.451589 57.091320 84.752972 96.281839 89.508053 55.611464 56.241427 44.400744 52.883491 70.991743
66.266822 47.825644 63.678872 43.588455 11.974616 49.693005 80.493027 90.820740 0.000000 62.497386 60.130986 80.292736 92.596334 81.997759 48.541204 13.315287 8.761380 20.071643 5.845451 65.861483 78.140726 73.164566 48.210245 78.066806 73.039884 89.641390 13.940015 57.708243 56.690097 52.843296 73.132044 72.631662 32.402786 48.197823 22.724895 5.486497 37.931541 84.806742 66.080562 88.675931 80.098501 45.749873 10.940778 79.381167 48.597657 60.158653 93.514076 85.736890 47.062816 56.922451 76.009953 34.510837 14.169522 21.543981 28.389372 39.501018 103.659887 61.033984 38.953010 33.451817
59.911120 47.813529 7.004816 69.081344 57.139611 32.584280 34.493777 67.002835 62.497386 0.000000 63.141829 18.555010 79.689490 83.796508 14.885515 73.134005 70.578998 43.219578 67.489982 40.457436 41.283958 71.018102 31.763894 68.847847 71.697577 37.987730 57.208883 7.169298 26.561609 64.754542 11.044159 66.532412 49.136638 85.103441 41.491827 62.762467 54.204626 64.107325 4.313344 32.349147 19.780481 71.070358 51.556610 17.064378 75.871297 10.331819 43.183959 84.875241 26.066227 10.234634 89.417675 52.522619 48.795401 51.604951 82.406729 60.227457 46.058671 73.558638 52.968949 29.140536
9.497510 89.312949 69.493058 22.491149 48.185066 80.075234 49.666750 35.857683 60.130986 63.141829 0.000000 70.015654 32.865100 23.691100 61.011472 58.716222 67.274878 58.367019 65.294081 28.174255 40.016869 13.052418 78.307487 18.748634 13.005342 59.804509 46.191213 65.103871 80.524765 9.232915 67.006051 13.146588 78.697954 36.810434 46.507726 55.362012 22.293135 29.630010 67.153262 65.148516 66.752006 22.169384 55.821920 71.652389 24.630707 53.233124 60.459499 26.627584 72.570168 67.356362 26.281336 25.899267 58.086104 71.245511 54.043003 21.290045 76.747785 11.788732 21.511343 51.602379
64.478135 64.493037 21.167775 80.703806 73.918595 49.141535 27.498831 63.855148 80.292736 18.555010 70.015654 0.000000 78.947713 87.376815 33.439548 90.235467 88.577800 61.463838 85.477380 43.037154 37.683997 75.008420 48.664844 70.845466 75.839897 25.671202 73.723461 25.159331 41.589057 73.808046 7.523519 69.956851 67.387571 97.483615 58.474844 80.097989 66.433054 62.661754 16.369409 17.461252 4.291060 82.391380 69.386355 3.247370 87.047321 21.085000 30.721588 87.523039 43.625668 27.621771 95.767568 65.550432 66.892962 70.159927 98.196780 72.213861 28.718655 81.439749 64.958844 46.855797
26.579226 116.111408 86.684487 54.222208 80.622011 104.483278 52.019459 16.862269 92.596334 79.689490 32.865100 78.947713 0.000000 20.255617 83.105458 91.572326 99.995822 88.265397 97.912352 39.437954 41.306608 20.492108 102.872066 14.560810 20.978587 58.750403 78.689213 84.091089 102.663269 41.471717 79.060398 19.972696 107.671540 65.031033 76.586538 88.004287 54.686083 16.295971 82.776967 67.058432 74.806448 53.253266 87.292140 81.587087 54.107260 69.473736 56.520840 16.634397 96.584672 87.021033 35.731568 58.091495 89.003213 101.569409 86.006952 54.154805 73.086323 37.206756 53.646337 78.399605
23.907049 112.972571 90.514899 39.710272 70.280065 103.389130 62.779987 33.894228 81.997759 83.796508 23.691100 87.376815 20.255617 0.000000 83.604942 78.470338 88.393444 81.924682 86.755784 44.483955 51.818893 12.782342 101.643348 17.197810 12.147455 71.433795 68.210593 86.729050 103.312613 29.218249 85.789367 17.478897 102.335755 47.136930 70.087118 76.896019 45.103690 30.000719 87.506181 78.667822 83.594173 38.124012 78.809702 89.538936 37.629733 73.527501 70.395498 4.421191 95.763229 89.252636 15.482127 48.817397 81.343644 94.642243 70.414282 42.515077 87.355087 21.453025 44.613862 75.168352
60.034266 35.949981 15.162083 62.024434 44.565385 21.960944 44.976252 72.720747 48.541204 14.885515 61.011472 33.439548 83.105458 83.604942 0.000000 59.923649 56.325013 28.799173 53.263793 44.083125 49.121378 71.003772 20.584360 70.586276 71.522049 50.589663 44.973450 9.171115 19.762914 60.474721 25.928950 67.223258 34.799537 76.786468 29.127918 49.383798 47.244456 68.744983 17.830462 46.181651 34.440727 64.245763 37.663403 31.864109 69.022449 18.132171 55.581223 85.419917 14.161295 8.783527 86.662524 44.760295 34.547691 36.722676 70.565706 53.186302 60.442832 69.977609 46.356541 16.185803
66.241840 61.021617 75.061587 38.785708 16.471624 62.869454 87.067236 92.240762 13.315287 73.134005 58.716222 90.235467 91.572326 78.470338 59.923649 0.000000 12.428673 32.493453 12.904249 70.039204 83.174808 71.343922 61.348600 77.371411 71.044639 96.806822 17.129304 68.992204 69.619136 50.295717 83.361208 71.780640 45.556032 38.913268 31.771230 10.582307 37.954553 86.013509 76.965051 96.897952 89.583425 40.539089 22.768867 89.647138 42.238817 69.481932 100.229075 82.532343 59.857820 68.551826 70.244061 35.289720 26.697406 34.730215 15.763902 37.434231 111.784019 57.025751 39.375531 44.079157
73.904735 51.022796 71.366841 49.158323 19.843223 55.140393 89.254315 98.927887 8.761380 70.578998 67.274878 88.577800 99.995822 88.393444 56.325013 12.428673 0.000000 27.537616 3.102177 74.442164 86.834587 80.221727 53.809380 85.536001 80.030918 98.385490 21.565326 65.488346 62.748219 59.506072 81.337203 80.030108 35.640335 51.105481 31.449539 12.079338 45.367323 92.848379 74.033011 97.326598 88.517821 51.140644 19.270024 87.555239 53.404044 68.665558 102.272502 92.283976 53.467395 64.485618 81.288569 42.133059 21.800044 25.285263 27.970182 46.214080 112.311083 67.123389 46.528203 41.737277
61.880825 33.665792 43.831103 48.755499 19.895785 31.195095 65.666845 82.934576 20.071643 43.219578 58.367019 61.463838 88.265397 81.924682 28.799173 32.493453 27.537616 0.000000 24.491273 55.144932 65.532669 71.003268 29.534331 73.918810 71.149857 73.816546 21.273106 37.955857 37.267319 53.538489 54.107732 69.042764 20.604241 59.022182 11.864197 22.019705 37.323929 77.481579 46.557430 71.583921 61.728987 51.171260 9.763359 60.264325 55.266280 42.372101 78.180025 84.994294 27.415213 36.974166 79.669882 33.651742 5.903109 13.378665 45.518917 41.579990 86.476514 63.057939 37.512767 15.267755
71.696560 48.992827 68.321915 47.810261 17.427499 52.527965 86.274874 96.483231 5.845451 67.489982 65.294081 85.477380 97.912352 86.755784 53.263793 12.904249 3.102177 24.491273 0.000000 71.694378 83.985384 78.288806 51.159182 83.414323 78.127666 95.361715 19.264179 62.430046 60.004537 57.728818 78.240291 77.939658 33.537303 50.769582 28.418554 9.934022 43.229915 90.438773 70.956435 94.251399 85.416025 49.868147 16.171905 84.460510 52.364470 65.568450 99.275245 90.583290 50.639484 61.456405 80.106446 39.904801 18.724907 22.965141 28.667759 44.393709 109.235509 65.596605 44.328265 38.635401
21.512061 78.518414 47.414798 44.725071 54.920744 65.844444 21.740923 28.965027 65.861483 40.457436 28.174255 43.037154 39.437954 44.483955 44.083125 70.039204 74.442164 55.144932 71.694378 0.000000 13.724661 31.988596 64.324805 28.568889 32.809519 32.137804 53.555694 44.653613 63.404081 34.190949 41.342859 27.009214 72.255719 61.517983 44.908664 62.763947 34.247550 24.665383 43.790439 36.985858 39.414606 45.646068 57.449382 45.092379 49.615122 30.158725 33.592200 44.984882 57.930237 47.589218 53.005083 35.666904 57.702001 68.319884 71.372421 38.235933 49.110305 39.955643 32.560401 42.308402
31.775693 84.930374 48.156179 58.218462 67.653737 70.990348 11.017451 26.404760 78.140726 41.283958 40.016869 37.683997 41.306608 51.818893 49.121378 83.174808 86.834587 65.532669 83.985384 13.724661 0.000000 40.496001 69.684548 34.675452 41.436796 20.067263 66.423898 47.079424 66.923101 47.071768 38.441245 35.210010 80.788088 74.848145 56.317839 75.421911 47.952996 25.010638 43.563809 26.849576 33.512936 59.016220 69.071924 40.407025 62.802729 32.052392 20.462523 51.221605 63.276753 50.293790 62.776445 49.263061 68.800777 78.257530 85.041153 51.940754 36.839812 51.681902 46.262927 51.409723
11.127081 101.155637 77.732557 33.730886 61.227595 91.087493 51.262568 27.674588 73.164566 71.018102 13.052418 75.008420 20.492108 12.782342 71.003772 71.343922 80.221727 71.003268 78.288806 31.988596 40.496001 0.000000 89.361736 8.400164 0.979264 60.465438 59.226683 73.968487 90.743035 21.077897 73.177859 5.286525 91.147204 45.315256 59.143569 68.354791 35.344801 22.214874 74.741473 67.191642 71.316138 32.799766 68.805007 77.079239 33.920206 60.755942 59.982697 14.499006 83.390098 76.514856 22.502067 38.940051 70.968923 84.022768 65.523110 34.068165 76.874166 17.248733 34.536295 63.210008
78.699729 16.049696 27.498532 74.790287 49.338939 1.820813 65.040677 93.137893 48.210245 31.763894 78.307487 48.664844 102.872066 101.643348 20.584360 61.348600 53.809380 29.534331 51.159182 64.324805 69.684548 89.361736 0.000000 89.822886 89.778727 69.647991 50.558319 24.613660 9.544149 76.131996 41.520165 86.025062 21.470229 87.246419 37.073156 51.191046 61.056242 88.968661 32.485773 64.044006 50.928434 77.172722 39.117214 46.176716 81.703775 38.195219 74.799534 103.860741 6.433288 21.560640 102.832580 57.866122 34.901586 29.074372 75.015190 66.485169 77.237382 85.886513 60.607362 27.111823
12.068300 102.522427 75.742272 40.870362 66.094417 91.487416 45.666701 19.277769 78.066806 68.847847 18.748634 70.845466 14.560810 17.197810 70.586276 77.371411 85.536001 73.918810 83.414323 28.568889 34.675452 8.400164 89.822886 0.000000 9.294400 54.236227 64.173914 72.526599 90.318301 27.749088 69.782010 5.603839 93.545703 53.405688 62.181037 73.519571 40.185639 13.966511 72.302643 61.520783 66.949731 40.200441 72.750051 73.154645 41.758890 58.516487 53.265350 16.695183 83.647451 75.282800 29.978693 43.556358 74.514296 87.179798 72.628087 39.945609 70.224822 25.411196 39.113916 64.618041
11.786482 101.468272 78.392622 33.263484 61.117968 91.510082 52.188111 28.571765 73.039884 71.697577 13.005342 75.839897 20.978587 12.147455 71.522049 71.044639 80.030918 71.149857 78.127666 32.809519 41.436796 0.979264 89.778727 9.294400 0.000000 61.416019 59.107124 74.581843 91.250239 20.751597 73.954782 6.235495 91.344195 44.596499 59.286603 68.194363 35.282905 23.154271 75.441456 68.115757 72.162706 32.275570 68.819063 77.893295 33.284188 61.448666 60.949989 14.114738 83.831736 77.107329 21.528927 38.902257 71.034625 84.129653 65.032007 33.841754 77.837752 16.534234 34.516478 63.543041
51.810908 85.671806 43.516485 76.585939 80.535347 70.541546 10.512805 42.263857 89.641390 37.987730 59.804509 25.671202 58.750403 71.433795 50.589663 96.806822 98.385490 73.816546 95.361715 32.137804 20.067263 60.465438 69.647991 54.236227 61.416019 0.000000 79.683288 45.066216 64.331804 66.319126 30.150974 55.180983 85.150035 93.512335 66.943334 87.898537 64.751788 42.910341 38.265817 9.050590 21.608223 77.642085 79.480182 28.910132 81.711139 32.691588 5.246339 70.480864 63.702540 48.214213 82.817882 65.325112 78.210390 85.143969 100.966617 69.484362 16.983173 71.547256 63.068092 58.609100
52.432892 54.368572 59.850537 30.573244 2.097932 52.271953 69.985270 77.376673 13.940015 57.208883 46.191213 73.723461 78.689213 68.210593 44.973450 17.129304 21.565326 21.273106 19.264179 53.555694 66.423898 59.226683 50.558319 64.173914 59.107124 79.683288 0.000000 53.751788 57.618521 39.008967 67.054576 58.719100 39.926514 38.196561 15.873534 9.494066 24.007088 71.286100 61.215349 79.819485 72.856756 32.862881 13.002068 73.327836 36.245492 52.784867 83.141952 71.891931 47.662226 53.750985 62.910469 20.641989 17.045301 29.774307 25.612004 25.698396 94.683590 47.450934 25.070430 28.790412
62.849417 40.660991 6.100261 68.686925 53.447945 25.475335 41.071990 72.216303 57.708243 7.169298 65.103871 25.159331 84.091089 86.729050 9.171115 68.992204 65.488346 37.955857 62.430046 44.653613 47.079424 73.968487 24.613660 72.526599 74.581843 45.066216 53.751788 0.000000 19.948282 65.722151 17.674011 69.759098 42.241095 84.096371 37.878689 58.475585 53.762490 68.907339 8.955837 39.516040 26.780285 70.806391 46.821278 23.239752 75.616331 15.077911 50.240703 88.127444 18.904708 3.257289 91.222369 51.649793 43.717073 45.318197 79.271431 59.789466 53.121438 74.910126 52.693264 25.026011
79.791866 23.426677 20.908160 79.543967 56.608785 8.956708 60.968068 91.633796 56.690097 26.561609 80.524765 41.589057 102.663269 103.312613 19.762914 69.619136 62.748219 37.267319 60.004537 63.404081 66.923101 90.743035 9.544149 90.318301 91.250239 64.331804 57.618521 19.948282 0.000000 79.405882 34.914252 86.986146 31.003860 93.050824 43.033017 59.251907 65.202691 87.981157 26.158556 57.919688 44.353297 81.868637 47.019740 38.828417 86.540191 34.871329 69.563050 105.172751 9.956830 16.695076 105.876110 62.307893 42.941551 38.385070 82.676252 70.927272 70.305733 89.048663 64.533470 31.416187
18.498885 85.828065 70.644689 13.258463 41.072357 77.938143 55.927779 45.072676 52.843296 64.754542 9.232915 73.808046 41.471717 29.218249 60.474721 50.295717 59.506072 53.538489 57.728818 34.190949 47.071768 21.077897 76.131996 27.749088 20.751597 66.319126 39.008967 65.722151 79.405882 0.000000 69.978408 22.188788 74.125102 28.185820 41.884698 47.822501 16.232274 38.828290 68.945601 70.862933 70.896995 13.018469 49.729740 75.106168 15.959458 55.409745 67.485019 32.893690 70.789010 67.627155 26.718200 19.939034 52.454959 65.867854 44.891526 13.346533 83.297639 9.767055 16.075047 49.032470
62.326515 57.457679 14.106184 75.921581 67.149105 42.093048 29.452060 64.841700 73.132044 11.044159 67.006051 7.523519 79.060398 85.789367 25.928950 83.361208 81.337203 54.107732 78.240291 41.342859 38.441245 73.177859 41.520165 69.782010 73.954782 30.150974 67.054576 17.674011 34.914252 69.978408 0.000000 68.311919 59.914981 92.466828 51.595340 73.120904 61.344281 62.928194 9.042098 23.058881 9.456735 77.732737 62.203491 6.285969 82.464183 15.226075 35.381959 86.311261 36.295131 20.238777 93.115711 60.157051 59.600510 62.644243 91.849740 67.250621 35.718456 78.113157 59.949798 39.681888
7.361117 98.305099 73.320685 35.357802 60.657046 87.722170 45.988326 23.838855 72.631662 66.532412 13.146588 69.956851 19.972696 17.478897 67.223258 71.780640 80.030108 69.042764 77.939658 27.009214 35.210010 5.286525 86.025062 5.603839 6.235495 55.180983 58.719100 69.759098 86.986146 22.188788 68.311919 0.000000 88.884905 48.332314 57.243488 68.032451 34.714213 17.969953 70.168901 61.918495 66.219477 34.760813 67.542973 72.083095 36.516241 56.227805 54.733468 18.374090 79.945607 72.393339 27.732580 38.136260 69.428215 82.234338 67.079552 34.350411 71.611120 20.573757 33.689905 60.332628
81.613399 15.480751 46.688384 69.087661 38.115101 22.183697 78.651464 100.921090 32.402786 49.136638 78.697954 67.387571 107.671540 102.335755 34.799537 45.556032 35.640335 20.604241 33.537303 72.255719 80.788088 91.147204 21.470229 93.545703 91.344195 85.150035 39.926514 42.241095 31.003860 74.125102 59.914981 88.884905 0.000000 78.103073 32.294237 36.849592 57.921492 95.844924 51.056115 80.979906 68.917078 71.492233 26.925787 65.315075 75.424515 52.460773 90.023427 105.295265 24.335836 39.838060 100.263151 54.254606 22.987460 10.860990 60.771409 62.143381 95.135366 83.661228 58.077833 29.953217
46.307922 92.502948 89.810351 17.043812 39.988901 89.034907 83.011760 72.113069 48.197823 85.103441 36.810434 97.483615 65.031033 47.136930 76.786468 38.913268 51.105481 59.022182 50.769582 61.517983 74.848145 45.315256 87.246419 53.405688 44.596499 93.512335 38.196561 84.096371 93.050824 28.185820 92.466828 48.332314 78.103073 0.000000 50.209465 42.794859 31.122738 66.050643 89.416188 97.182437 95.175471 15.875143 51.182839 98.213860 12.233496 77.263374 95.095341 51.555627 83.326163 85.165635 34.812162 32.584528 55.232724 67.764086 25.943881 25.269956 110.391345 28.067002 32.542691 61.810422
50.124342 44.300643 43.977804 38.163811 15.653869 38.872580 57.935647 71.914193 22.724895 41.491827 46.507726 58.474844 76.586538 70.087118 29.127918 31.771230 31.449539 11.864197 28.418554 44.908664 56.317839 59.143569 37.073156 62.181037 59.286603 66.943334 15.873534 37.878689 43.033017 41.884698 51.595340 57.243488 32.294237 50.209465 0.000000 21.687583 25.750153 66.292868 45.433410 66.004141 57.925787 40.577423 12.776991 57.881232 44.940354 37.845098 70.886709 73.134017 33.194354 37.910750 68.244058 22.151818 12.862923 25.000031 41.439451 30.411591 80.983074 51.496392 25.814156 12.944420
61.846560 52.116527 64.533731 38.221211 7.867415 52.763498 78.449961 86.870313 5.486497 62.762467 55.362012 80.097989 88.004287 76.896019 49.383798 10.582307 12.079338 22.019705 9.934022 62.763947 75.421911 68.354791 51.191046 73.519571 68.194363 87.898537 9.494066 58.475585 59.251907 47.822501 73.120904 68.032451 36.849592 42.794859 21.687583 0.000000 33.335338 80.779594 66.536520 87.472400 79.611055 40.354268 12.259205 79.402731 43.135510 59.532642 91.563264 80.694599 49.430735 57.988896 70.622268 30.063382 16.326163 26.033813 24.140869 34.480518 102.424760 55.815768 34.468433 33.644008
28.565160 69.917279 59.255990 14.931837 25.960157 62.875624 54.311444 54.286233 37.931541 54.204626 22.293135 66.433054 54.686083 45.103690 47.244456 37.954553 45.367323 37.323929 43.229915 34.247550 47.952996 35.344801 61.056242 40.185639 35.282905 64.751788 24.007088 53.762490 65.202691 16.232274 61.344281 34.714213 57.921492 31.122738 25.750153 33.335338 0.000000 48.062277 58.515111 67.315031 64.255577 17.052919 33.717436 67.104104 21.858439 46.144816 67.121681 48.509541 56.091727 55.170418 42.509526 3.721505 36.281112 49.660887 37.167436 6.036934 81.233594 25.753505 1.695679 34.044475
20.453594 102.959651 71.111721 52.051190 73.028697 90.499619 35.760344 6.300670 84.806742 64.107325 29.630010 62.661754 16.295971 30.000719 68.744983 86.013509 92.848379 77.481579 90.438773 24.665383 25.010638 22.214874 88.968661 13.966511 23.154271 42.910341 71.286100 68.907339 87.981157 38.828290 62.928194 17.969953 95.844924 66.050643 66.292868 80.779594 48.062277 0.000000 67.005974 50.987114 58.513349 51.799344 78.024603 65.321681 54.043022 54.037210 41.134380 28.194197 82.583393 71.939161 43.817063 50.919062 79.093288 90.853467 83.209263 49.316382 57.985552 38.523794 46.679499 66.002730
63.661680 48.445982 5.258697 73.387676 61.086940 33.085822 35.936533 69.620834 66.080562 4.313344 67.153262 16.369409 82.776967 87.506181 17.830462 76.965051 74.033011 46.557430 70.956435 43.790439 43.563809 74.741473 32.485773 72.302643 75.441456 38.265817 61.215349 8.955837 26.158556 68.945601 9.042098 70.168901 51.056115 89.416188 45.433410 66.536520 58.515111 67.005974 0.000000 31.798945 18.447731 75.371200 55.149172 14.299758 80.170628 14.007563 43.509397 88.470427 27.274840 11.252633 93.434598 56.834777 52.233151 54.267049 86.503401 64.536717 44.758269 77.680357 57.275233 32.894497
57.829478 80.081581 37.023630 80.142524 80.449895 64.766693 15.930578 50.817243 88.675931 32.349147 65.148516 17.461252 67.058432 78.667822 46.181651 96.897952 97.326598 71.583921 94.251399 36.985858 26.849576 67.191642 64.044006 61.520783 68.115757 9.050590 79.819485 39.516040 57.919688 70.862933 23.058881 61.918495 80.979906 97.182437 66.004141 87.472400 67.315031 50.987114 31.798945 0.000000 13.797174 81.420718 78.139254 20.693928 85.726278 29.292108 13.595237 78.019639 58.414495 42.487648 89.248056 67.398386 76.410515 82.052888 102.420716 72.480808 14.984629 76.935167 65.672960 56.332899
60.913369 66.892529 23.561402 78.287415 73.171429 51.530397 23.229590 59.616983 80.098501 19.780481 66.752006 4.291060 74.806448 83.594173 34.440727 89.583425 88.517821 61.728987 85.416025 39.414606 33.512936 71.316138 50.928434 66.949731 72.162706 21.608223 72.856756 26.780285 44.353297 70.896995 9.456735 66.219477 68.917078 95.175471 57.925787 79.611055 64.255577 58.513349 18.447731 13.797174 0.000000 79.897429 69.259990 7.408176 84.498740 20.101496 26.731287 83.640760 45.588427 29.522922 92.314971 63.583490 66.991363 71.062014 96.929456 69.934423 26.359609 78.279639 62.735989 46.813249
31.516535 84.690113 76.261846 2.419149 34.942757 78.992041 67.144518 58.019993 45.749873 71.070358 22.169384 82.391380 53.253266 38.124012 64.245763 40.539089 51.140644 51.171260 49.868147 45.646068 59.016220 32.799766 77.172722 40.200441 32.275570 77.642085 32.862881 70.806391 81.868637 13.018469 77.732737 34.760813 71.492233 15.875143 40.577423 40.354268 17.052919 51.799344 75.371200 81.420718 79.897429 0.000000 45.236356 83.302610 4.812070 62.641670 79.229017 42.311590 72.534653 72.221539 30.268443 19.581932 48.703922 62.077179 32.791863 11.060649 94.531864 16.728100 18.138625 50.499577
60.714614 41.513826 52.817845 42.874910 11.210369 40.732904 70.631243 83.818758 10.940778 51.556610 55.821920 69.386355 87.292140 78.809702 37.663403 22.768867 19.270024 9.763359 16.171905 57.449382 69.071924 68.805007 39.117214 72.750051 68.819063 79.480182 13.002068 46.821278 47.019740 49.729740 62.203491 67.542973 26.925787 51.182839 12.776991 12.259205 33.717436 78.024603 55.149172 78.139254 69.259990 45.236356 0.000000 68.448019 48.902318 49.396622 83.522578 82.220325 37.178335 46.122619 74.839475 30.017569 4.290376 16.887611 35.907719 36.847387 93.119908 58.784108 34.328809 22.532119
66.425866 61.896124 18.765776 81.550179 73.431497 46.577701 30.431380 66.680633 79.381167 17.064378 71.652389 3.247370 81.587087 89.538936 31.864109 89.647138 87.555239 60.264325 84.460510 45.092379 40.407025 77.079239 46.176716 73.154645 77.893295 28.910132 73.327836 23.239752 38.828417 75.106168 6.285969 72.083095 65.315075 98.213860 57.881232 79.402731 67.104104 65.321681 14.299758 20.693928 7.408176 83.302610 68.448019 0.000000 87.999853 21.190870 33.967969 89.803274 41.339525 25.477052 97.564806 66.048325 65.798015 68.495917 98.071110 72.958105 31.534470 82.960405 65.671840 45.936993
34.123865 88.876647 81.073823 7.010654 38.289055 83.521231 71.239184 60.168835 48.597657 75.871297 24.630707 87.047321 54.107260 37.629733 69.022449 42.238817 53.404044 55.266280 52.364470 49.615122 62.802729 33.920206 81.703775 41.758890 33.284188 81.711139 36.245492 75.616331 86.540191 15.959458 82.464183 36.516241 75.424515 12.233496 44.940354 43.135510 21.858439 54.043022 80.170628 85.726278 84.498740 4.812070 48.902318 87.999853 0.000000 67.396725 83.129599 41.957020 77.152597 77.021992 28.005246 24.310098 52.519857 65.787173 32.795060 15.851522 98.645240 16.919745 22.950267 55.145166
49.665567 53.930626 17.257140 60.788081 53.074317 39.358221 26.894386 57.186355 60.158653 10.331819 53.233124 21.085000 69.473736 73.527501 18.132171 69.481932 68.665558 42.372101 65.568450 30.158725 32.052392 60.755942 38.195219 58.516487 61.448666 32.691588 52.784867 15.077911 34.871329 55.409745 15.226075 56.227805 52.460773 77.263374 37.845098 59.532642 46.144816 54.037210 14.007563 29.292108 20.101496 62.641670 49.396622 21.190870 67.396725 0.000000 37.579464 74.559609 31.917082 18.260929 79.508439 44.931446 47.369014 52.821848 77.113376 52.073720 44.118288 63.927250 44.769744 27.182273
52.021477 90.810316 48.758754 78.313955 84.084478 75.713475 13.164318 39.770113 93.514076 43.183959 60.459499 30.721588 56.520840 70.395498 55.581223 100.229075 102.272502 78.180025 99.275245 33.592200 20.462523 59.982697 74.799534 53.265350 60.949989 5.246339 83.141952 50.240703 69.563050 67.485019 35.381959 54.733468 90.023427 95.095341 70.886709 91.563264 67.121681 41.134380 43.509397 13.595237 26.731287 79.229017 83.522578 33.967969 83.129599 37.579464 0.000000 69.131804 68.816334 53.402265 82.465636 67.949427 82.417944 89.739106 103.745439 71.582046 16.960557 72.082855 65.427873 63.043056
25.393304 115.572069 91.682332 43.829282 73.948251 105.586208 62.235906 31.436218 85.736890 84.875241 26.627584 87.523039 16.634397 4.421191 85.419917 82.532343 92.283976 84.994294 90.583290 44.984882 51.221605 14.499006 103.860741 16.695183 14.114738 70.480864 71.891931 88.127444 105.172751 32.893690 86.311261 18.374090 105.295265 51.555627 73.134017 80.694599 48.509541 28.194197 88.470427 78.019639 83.640760 42.311590 82.220325 89.803274 41.957020 74.559609 69.131804 0.000000 97.884221 90.745213 19.464586 52.202923 84.630452 97.848484 74.721708 46.237280 86.056434 25.593309 47.920253 77.656054
72.642488 22.047376 22.582519 70.182116 46.655089 7.917810 58.800638 86.719589 47.062816 26.066227 72.570168 43.625668 96.584672 95.763229 14.161295 59.857820 53.467395 27.415213 50.639484 57.930237 63.276753 83.390098 6.433288 83.647451 83.831736 63.702540 47.662226 18.904708 9.956830 70.789010 36.295131 79.945607 24.335836 83.326163 33.194354 49.430735 56.091727 82.583393 27.274840 58.414495 45.588427 72.534653 37.178335 41.339525 77.152597 31.917082 68.816334 97.884221 0.000000 16.068106 97.426878 53.050769 33.160415 29.901265 72.745104 61.688549 71.948006 80.510882 55.531106 22.062686
65.412770 37.606925 7.068910 70.055171 53.321562 22.351102 44.326568 75.327940 56.922451 10.234634 67.356362 27.621771 87.021033 89.252636 8.783527 68.551826 64.485618 36.974166 61.456405 47.589218 50.293790 76.514856 21.560640 75.282800 77.107329 48.214213 53.750985 3.257289 16.695076 67.627155 20.238777 72.393339 39.838060 85.165635 37.910750 57.988896 55.170418 71.939161 11.252633 42.487648 29.522922 72.221539 46.122619 25.477052 77.021992 18.260929 53.402265 90.745213 16.068106 0.000000 93.372875 52.890197 42.817677 43.513353 79.347249 61.171698 55.881864 76.930032 54.173962 24.967464
31.542956 112.408827 95.729099 32.429186 65.005318 104.636017 73.364354 48.451589 76.009953 89.417675 26.281336 95.767568 35.731568 15.482127 86.662524 70.244061 81.288569 79.669882 80.106446 53.005083 62.776445 22.502067 102.832580 29.978693 21.528927 82.817882 62.910469 91.222369 105.876110 26.718200 93.115711 27.732580 100.263151 34.812162 68.244058 70.622268 42.509526 43.817063 93.434598 89.248056 92.314971 30.268443 74.839475 97.564806 28.005246 79.508439 82.465636 19.464586 97.426878 93.372875 0.000000 46.094708 77.989348 91.463514 59.923502 38.160790 99.332522 16.952184 42.609808 75.743476
31.792005 66.394875 57.283471 17.299644 22.540378 59.686878 54.980349 57.091320 34.510837 52.522619 25.899267 65.550432 58.091495 48.817397 44.760295 35.289720 42.133059 33.651742 39.904801 35.666904 49.263061 38.940051 57.866122 43.556358 38.902257 65.325112 20.641989 51.649793 62.307893 19.939034 60.157051 38.136260 54.254606 32.584528 22.151818 30.063382 3.721505 50.919062 56.834777 67.398386 63.583490 19.581932 30.017569 66.048325 24.310098 44.931446 67.949427 52.202923 53.050769 52.890197 46.094708 0.000000 32.559630 45.941761 35.844459 8.637921 81.577856 29.406667 4.446422 30.990044
62.447468 37.338546 49.634705 46.316926 15.359564 36.500285 69.691432 84.752972 14.169522 48.795401 58.086104 66.892962 89.003213 81.343644 34.547691 26.697406 21.800044 5.903109 18.724907 57.702001 68.800777 70.968923 34.901586 74.514296 71.034625 78.210390 17.045301 43.717073 42.941551 52.454959 59.600510 69.428215 22.987460 55.232724 12.862923 16.326163 36.281112 79.093288 52.233151 76.410515 66.991363 48.703922 4.290376 65.798015 52.519857 47.369014 82.417944 84.630452 33.160415 42.817677 77.989348 32.559630 0.000000 13.475457 40.158304 39.857386 91.359004 61.707101 36.732686 20.206294
75.124323 26.294640 50.580473 59.702964 27.856925 30.246400 77.606197 96.281839 21.543981 51.604951 71.245511 70.159927 101.569409 94.642243 36.722676 34.730215 25.285263 13.378665 22.965141 68.319884 78.257530 84.022768 29.074372 87.179798 84.129653 85.143969 29.774307 45.318197 38.385070 65.867854 62.644243 82.234338 10.860990 67.764086 25.000031 26.033813 49.660887 90.853467 54.267049 82.052888 71.062014 62.077179 16.887611 68.495917 65.787173 52.821848 89.739106 97.848484 29.901265 43.513353 91.463514 45.941761 13.475457 0.000000 49.910852 53.332163 96.701331 75.166999 50.040767 26.981403
62.780605 76.148615 85.362563 31.808185 26.245407 76.639420 90.713680 89.508053 28.389372 82.406729 54.043003 98.196780 86.006952 70.414282 70.565706 15.763902 27.970182 45.518917 28.667759 71.372421 85.041153 65.523110 75.015190 72.628087 65.032007 100.966617 25.612004 79.271431 82.676252 44.891526 91.849740 67.079552 60.771409 25.943881 41.439451 24.140869 37.167436 83.209263 86.503401 102.420716 96.929456 32.791863 35.907719 98.071110 32.795060 77.113376 103.745439 74.721708 72.745104 79.347249 59.923502 35.844459 40.158304 49.910852 0.000000 34.188631 116.925029 49.347105 38.840561 54.380001
29.084637 74.711486 65.292418 8.898067 27.772890 68.305981 58.988082 55.611464 39.501018 60.227457 21.290045 72.213861 54.154805 42.515077 53.186302 37.434231 46.214080 41.579990 44.393709 38.235933 51.940754 34.068165 66.485169 39.945609 33.841754 69.484362 25.698396 59.789466 70.927272 13.346533 67.250621 34.350411 62.143381 25.269956 30.411591 34.480518 6.036934 49.316382 64.536717 72.480808 69.934423 11.060649 36.847387 72.958105 15.851522 52.073720 71.582046 46.237280 61.688549 61.171698 38.160790 8.637921 39.857386 53.332163 34.188631 0.000000 86.145259 21.946098 7.304273 39.627358
68.609777 93.148448 49.773668 93.425053 95.353471 77.784673 27.406696 56.241427 103.659887 46.058671 76.747785 28.718655 73.086323 87.355087 60.442832 111.784019 112.311083 86.476514 109.235509 49.110305 36.839812 76.874166 77.237382 70.224822 77.837752 16.983173 94.683590 53.121438 70.305733 83.297639 35.718456 71.611120 95.135366 110.391345 80.983074 102.424760 81.233594 57.985552 44.758269 14.984629 26.359609 94.531864 93.119908 31.534470 98.645240 44.118288 16.960557 86.056434 71.948006 55.881864 99.332522 81.577856 91.359004 96.701331 116.925029 86.145259 0.000000 88.470351 79.564025 71.245078
20.274999 95.547214 79.650641 18.257289 49.543620 87.691190 61.445580 44.400744 61.033984 73.558638 11.788732 81.439749 37.206756 21.453025 69.977609 57.025751 67.123389 63.057939 65.596605 39.955643 51.681902 17.248733 85.886513 25.411196 16.534234 71.547256 47.450934 74.910126 89.048663 9.767055 78.113157 20.573757 83.661228 28.067002 51.496392 55.815768 25.753505 38.523794 77.680357 76.935167 78.279639 16.728100 58.784108 82.960405 16.919745 63.927250 72.082855 25.593309 80.510882 76.930032 16.952184 29.406667 61.707101 75.166999 49.347105 21.946098 88.470351 0.000000 25.744125 58.792858
27.378207 69.808747 58.124100 16.112454 26.980604 62.424195 52.623927 52.883491 38.953010 52.968949 21.511343 64.958844 53.646337 44.613862 46.356541 39.375531 46.528203 37.512767 44.328265 32.560401 46.262927 34.536295 60.607362 39.113916 34.516478 63.068092 25.070430 52.693264 64.533470 16.075047 59.949798 33.689905 58.077833 32.542691 25.814156 34.468433 1.695679 46.679499 57.275233 65.672960 62.735989 18.138625 34.328809 65.671840 22.950267 44.769744 65.427873 47.920253 55.531106 54.173962 42.609808 4.446422 36.732686 50.040767 38.840561 7.304273 79.564025 25.744125 0.000000 33.529525
52.974324 37.977232 31.124196 48.159057 28.426444 28.923355 50.700707 70.991743 33.451817 29.140536 51.602379 46.855797 78.399605 75.168352 16.185803 44.079157 41.737277 15.267755 38.635401 42.308402 51.409723 63.210008 27.111823 64.618041 63.543041 58.609100 28.790412 25.026011 31.416187 49.032470 39.681888 60.332628 29.953217 61.810422 12.944420 33.644008 34.044475 66.002730 32.894497 56.332899 46.813249 50.499577 22.532119 45.936993 55.145166 27.182273 63.043056 77.656054 22.062686 24.967464 75.743476 30.990044 20.206294 26.981403 54.380001 39.627358 71.245078 58.792858 33.529525 0.000000
EOF
